   1.00000000000000       0.000000000000000E+000
  -808.510284350977        192.627470340045     
  -1701.06522839249        405.069761510909     
  -2593.60026804588        617.507312479308     
  -3486.12747949792        829.942999600711     
  -4378.65047773610        1042.37768367646     
  -5271.17084018455        1254.81174027905     
  -6163.68939746773        1467.24536716038     
  -7056.20664086443        1679.67868127704     
  -7948.72288507325        1892.11175754561     
  -8841.23834380391        2104.54464684026     
  -9733.75316881963        2316.97738528798     
  -10626.2674717718        2529.40999946684     
  -11518.7813371924        2741.84250949900     
  -12411.2948306192        2954.27493098512     
  -13303.8080038906        3166.70727626467     
  -14196.3208987147        3379.13955526571     
  -15088.8335491478        3591.57177609484     
  -15981.3459833581        3804.00394545704     
  -16873.8582249093        4016.43606896124     
  -17766.3702937121        4228.86815134682     
  -18658.8822067424        4441.30019665457     
  -19551.3939785909        4653.73220835751     
  -20443.9056218901        4866.16418946255     
  -21336.4171476495        5078.59614259028     
  -22228.9285655225        5291.02807003846     
  -23121.4398840201        5503.45997383295     
  -24013.9511106843        5715.89185576897     
  -24906.4622522300        5928.32371744484     
  -25798.9733146616        6140.75556028976     
  -26691.4843033698        6353.18738558685     
  -27583.9952232125        6565.61919449240     
  -28476.5060785826        6778.05098805207     
  -29369.0168734658        6990.48276721456     
  -30261.5276114894        7202.91453284320     
  -31154.0382959637        7415.34628572597     
  -32046.5489299182        7627.77802658394     
  -32939.0595161324        7840.20975607871     
  -33831.5700571624        8052.64147481871     
  -34724.0805553646        8265.07318336480     
  -35616.5910129157        8477.50488223505     
  -36509.1014318304        8689.93657190907     
  -37401.6118139773        8902.36825283161     
  -38294.1221610929        9114.79992541597     
  -39186.6324747932        9327.23159004681     
  -40079.1427565851        9539.66324708280     
  -40971.6530078756        9752.09489685886     
  -41864.1632299810        9964.52653968826     
  -42756.6734241337        10176.9581758644     
  -43649.1835914902        10389.3898056625     
  -44541.6937331362        10601.8214293409     
  -45434.2038500930        10814.2530471429     
  -46326.7139433222        11026.6846592973     
  -47219.2240137303        11239.1162660197     
  -48111.7340621727        11451.5478675139     
  -49004.2440894578        11663.9794639723     
  -49896.7540963499        11876.4110555767     
  -50789.2640835729        12088.8426424995     
  -51681.7740518126        12301.2742249039     
  -52574.2840017198        12513.7058029448     
  -53466.7939339121        12726.1373767693     
  -54359.3038489766        12938.5689465170     
  -55251.8137474717        13151.0005123209     
  -56144.3236299289        13363.4320743074     
  -57036.8334968544        13575.8636325971     
  -57929.3433487310        13788.2951873049     
  -58821.8531860192        14000.7267385404     
  -59714.3630091587        14213.1582864082     
  -60606.8728185697        14425.5898310084     
  -61499.3826146540        14638.0213724365     
  -62391.8923977957        14850.4529107841     
  -63284.4021683629        15062.8844461388     
  -64176.9119267080        15275.3159785843     
  -65069.4216731688        15487.7475082012     
  -65961.9314080695        15700.1790350665     
  -66854.4411317209        15912.6105592543     
  -67746.9508444216        16125.0420808357     
  -68639.4605464585        16337.4735998788     
  -69531.9702381073        16549.9051164494     
  -70424.4799196332        16762.3366306106     
  -71316.9895912913        16974.7681424230     
  -72209.4992533273        17187.1996519452     
  -73102.0089059776        17399.6311592335     
  -73994.5185494703        17612.0626643420     
  -74887.0281840250        17824.4941673232     
  -75779.5378098536        18036.9256682274     
  -76672.0474271608        18249.3571671033     
  -77564.5570361437        18461.7886639980     
  -78457.0666369931        18674.2201589566     
  -79349.5762298930        18886.6516520232     
  -80242.0858150213        19099.0831432400     
  -81134.5953925502        19311.5146326480     
  -82027.1049626459        19523.9461202867     
  -82919.6145254694        19736.3776061946     
  -83812.1240811766        19948.8090904086     
  -84704.6336299183        20161.2405729647     
  -85597.1431718405        20373.6720538977     
  -86489.6527070849        20586.1035332412     
  -87382.1622357887        20798.5350110279     
  -88274.6717580848        21010.9664872895     
  -89167.1812741022        21223.3979620567     
