   1.00000000000000       0.000000000000000E+000
   1.00000000000000      -2.000000000000000E-002
  0.999600000000000      -4.000000000000000E-002
  0.998800000000000      -5.999200000000000E-002
  0.997600160000000      -7.996800000000000E-002
  0.996000800000000      -9.992000320000000E-002
  0.994002399936000      -0.119840019200000     
  0.991605599552000      -0.139720067198720     
  0.988811198208026      -0.159552179189760     
  0.985620154624230      -0.179328403153921     
  0.982033586561152      -0.199040806246405     
  0.978052770436224      -0.218681477977628     
  0.973679140876671      -0.238242533386353     
  0.968914290208944      -0.257716116203886     
  0.963759967884867      -0.277094402008065     
  0.958218079844705      -0.296369601365762     
  0.952290687817390      -0.315533962962656     
  0.945980008558137      -0.334579776719004     
  0.939288413023757      -0.353499376890167     
  0.932218425485954      -0.372285145150642     
  0.924772722582941      -0.390929513660361     
  0.916954132309734      -0.409424968112020     
  0.908765632947493      -0.427764050758215     
  0.900210351932329      -0.445939363417165     
  0.891291564663986      -0.463943570455811     
  0.882012693254869      -0.481769401749091     
  0.872377305219888      -0.499409655614188     
  0.862389112107604      -0.516857201718586     
  0.852051968073232      -0.534104983960738     
  0.841369868394017      -0.551146023322203     
  0.830346947927573      -0.567973420690083     
  0.818987479513772      -0.584580359648634     
  0.807295872320799      -0.600960109238910     
  0.795276670136021      -0.617106026685326     
  0.782934549602314      -0.633011560088046     
  0.770274318400553      -0.648670251080092     
  0.757300913378951      -0.664075737448104     
  0.744019398629989      -0.679221755715683     
  0.730434963515676      -0.694102143688282     
  0.716552920641910      -0.708710842958596     
  0.702378703782738      -0.723041901371434     
  0.687917865755309      -0.737089475447089     
  0.673176076246368      -0.750847832762195     
  0.658159119591124      -0.764311354287122     
  0.642872892505381      -0.777474536678945     
  0.627323401771802      -0.790331994529053     
  0.611516761881221      -0.802878462564489     
  0.595459192629932      -0.815108797802113     
  0.579157016673889      -0.827017981654712     
  0.562616657040795      -0.838601121988189     
  0.545844634601031      -0.849853455129005     
  0.528847565498451      -0.860770347821026     
  0.511632158542031      -0.871347299130995     
  0.494205212559411      -0.881579942301836     
  0.476573613713374      -0.891464046553024     
  0.458744332782314      -0.900995518827291     
  0.440724422405768      -0.910170405482938     
  0.422521014296109      -0.918984893931053     
  0.404141316417488      -0.927435314216975     
  0.385592610133148      -0.935518140545325     
  0.366882247322242      -0.943229992747988     
  0.348017647467282      -0.950567637694433     
  0.329006294713394      -0.957527990643778     
  0.309855734900518      -0.964108116538046     
  0.290573572569757      -0.970305231236057     
  0.271167467945036      -0.976116702687452     
  0.251645133891287      -0.981540052046353     
  0.232014332850360      -0.986572954724178     
  0.212282873755876      -0.991213241381186     
  0.192458608928252      -0.995458898856303     
  0.172549430951127      -0.999308071034868     
  0.152563269530429       -1.00275905965389     
  0.132508088337351       -1.00581032504450     
  0.112391881836461       -1.00846048681125     
  9.222267210023619E-002  -1.01070832444798     
  7.200850561127688E-002  -1.01255277788998     
  5.175745005347702E-002  -1.01399294800221     
  3.147759109343311E-002  -1.01502809700328     
  1.117702915336736E-002  -1.01565764882514     
 -9.136123823135313E-003  -1.01588118940821     
 -2.945374761129956E-002  -1.01569846693175     
 -4.976771694993455E-002  -1.01510939197952     
 -7.006990478952502E-002  -1.01411403764052     
 -9.035218554233551E-002  -1.01271263954473     
 -0.110606438333230       -1.01090559583389     
 -0.130824550249908       -1.00869346706722     
 -0.150998419591252       -1.00607697606222     
 -0.171119959112497       -1.00305700767040     
 -0.191181099265905      -0.999634608488149     
 -0.211173791435668      -0.995810986502831     
 -0.231090011165725      -0.991587510674118     
 -0.250921761379207      -0.986965710450803     
 -0.270661075588223      -0.981947275223219     
 -0.290300021092687      -0.976534053711455     
 -0.309830702166916      -0.970728053289601     
 -0.329245263232709      -0.964531439246263     
 -0.348535892017634      -0.957946533981608     
 -0.367694822697266      -0.950975816141256     
 -0.386714339020091      -0.943621919687310     
 -0.405586777413837      -0.935887632906909     
 -0.424304530071976      -0.927775897358632     
