   1.00000000000000       0.000000000000000E+000
  0.999800006666667      -1.999866666666667E-002
  0.999200106662222      -3.998933413331557E-002
  0.998200539938670      -5.996400639952003E-002
  0.996801706309370      -7.991469386272031E-002
  0.995004165289124      -9.983341651395805E-002
  0.992808635870370      -0.119712207129773     
  0.990215996235601      -0.139543114458988     
  0.987227283406100      -0.159318206403101     
  0.983843692827147      -0.179029573189019     
  0.980066577889857      -0.198669330532865     
  0.975897449389840      -0.218229622793580     
  0.971337974922903      -0.237702626115083     
  0.966389978218039      -0.257080551555703     
  0.961055438407949      -0.276355648203652     
  0.955336489237429      -0.295520206277290     
  0.949235418209887      -0.314566560208932     
  0.942754665672383      -0.333487091710974     
  0.935896823839516      -0.352274232823106     
  0.928664635756575      -0.370920468939394     
  0.921060994202359      -0.389418341814027     
  0.913088940532100      -0.407760452544508     
  0.904751663460966      -0.425939464531123     
  0.896052497788615      -0.443948106411482     
  0.886994923065320      -0.461779174968962     
  0.877582562200194      -0.479425538013905     
  0.867819180012077      -0.496880137236393     
  0.857708681723657      -0.514135991029482     
  0.847255111399435      -0.531186197281747     
  0.836462650328151      -0.548023936138039     
  0.825335615350324      -0.564642472727333     
  0.813878457131575      -0.581035159856590     
  0.802095758382420      -0.597195440669542     
  0.789992232025245      -0.613116851269348     
  0.777572719309203      -0.628793023304069     
  0.764842187873776      -0.644217686513920     
  0.751805729761786      -0.659384671239293     
  0.738468559382647      -0.674287910888539     
  0.724836011426671      -0.688921444364521     
  0.710913538731262      -0.703279418448976     
  0.696706710099851      -0.717356090143723     
  0.682221208074454      -0.731145828967785     
  0.667462826662730      -0.744643119209509     
  0.652437469020452      -0.757842562132773     
  0.637151145090325      -0.770738878136414     
  0.621609969198091      -0.783326908865992     
  0.605820157606876      -0.795601619277068     
  0.589788026030774      -0.807558099649151     
  0.573519987108637      -0.819191567549522     
  0.557022547839115      -0.830497369746146     
  0.540302306977934      -0.841470984068898     
  0.523365952398489      -0.852108021218373     
  0.506220258416776      -0.862404226521550     
  0.488872083081765      -0.872355481633598     
  0.471328365432267      -0.881957806185166     
  0.453596122721407      -0.891207359374472     
  0.435682447609827      -0.900100441503577     
  0.417594505328705      -0.908633495458213     
  0.399339530813766      -0.916803108130578     
  0.380924825811399      -0.924606011784540     
  0.362357755958061      -0.932039085362684     
  0.343645747834114      -0.939099355734692     
  0.324796285993300      -0.945783998886559     
  0.305816909969010      -0.952090341050160     
  0.286715211258581      -0.958015859772719     
  0.267498830286789      -0.963558184925760     
  0.248175453349789      -0.968715099653125     
  0.228752809540692      -0.973484541257686     
  0.209238667658037      -0.977864602026399     
  0.189640833098371      -0.981853529993362     
  0.169967144734197      -0.985449729640577     
  0.150225471778525      -0.988651762536138     
  0.130423710637300      -0.991458347909584     
  0.110569781750936      -0.993868363164189     
  9.067162642625171E-002 -0.995880844325989     
  7.073720366005017E-002 -0.997494986429352     
  5.077448695562747E-002 -0.998710143838962     
  3.079146113347900E-002 -0.999525830508059     
  1.079611913747464E-002 -0.999941720172851     
 -9.203541162208641E-003 -0.999957646483018     
 -2.919952016813155E-002 -0.999573603068250     
 -4.918381975532231E-002 -0.998789743540791     
 -6.914844647042116E-002 -0.997606381434001     
 -8.908541472895486E-002 -0.996023990076944     
 -0.108986750009464      -0.994043202405062     
 -0.128844492043205      -0.991664810707013     
 -0.148650697998152      -0.988889766307763     
 -0.168397445656024      -0.985719179188067     
 -0.188076836581065      -0.982154317540498     
 -0.207680999279314      -0.978196607262179     
 -0.227202092347099      -0.973847631384450     
 -0.246632307607491      -0.969109129439672     
 -0.265963873233472      -0.963982996765439     
 -0.285189056856565      -0.958471283746467     
 -0.304300168659671      -0.952576194994471     
 -0.323289564452903      -0.946300088466345     
 -0.342149648731152      -0.939645474521013     
 -0.360872877712191      -0.932615014915321     
 -0.379451762354087      -0.925211521739364     
 -0.397878871350720      -0.917437956291695     
 -0.416146834104201      -0.909297427894837     
