   1.00000000000000       0.000000000000000E+000
  0.999600159936026      -1.999200319872051E-002
  0.998800799552230      -3.996801918976512E-002
  0.997602398209151      -5.992006715394815E-002
  0.996005594628221      -7.984017904651258E-002
  0.994011186572662      -9.972040277796582E-002
  0.991620130464917      -0.119552805387264     
  0.988833540940795      -0.139329476206080     
  0.985652690340537      -0.159042530012891     
  0.982079008137024      -0.178684110175631     
  0.978114080301391      -0.198246391781659     
  0.973759648606315      -0.217721584753785     
  0.969017609867293      -0.237101936951131     
  0.963890015122221      -0.256379737253576     
  0.958379068749650      -0.275547318628569     
  0.952487127526068      -0.294597061179090     
  0.946216699622637      -0.313521395171543     
  0.939570443541790      -0.332312804042379     
  0.932551166994144      -0.350963827382262     
  0.925161825716213      -0.369467063896586     
  0.917405522229389      -0.387815174341174     
  0.909285504540749      -0.406000884431989     
  0.900805164786195      -0.424016987727713     
  0.891968037816514      -0.441856348484043     
  0.882777799726943      -0.459511904478582     
  0.873238266330839      -0.476976669805198     
  0.863353391578104      -0.494243737636760     
  0.853127265919001      -0.511306282955140     
  0.842564114614052      -0.528157565247422     
  0.831668295990707      -0.544790931167236     
  0.820444299647504      -0.561199817160186     
  0.808896744606458      -0.577377752052315     
  0.797030377414445      -0.593318359600604     
  0.784850070194355      -0.609015361004491     
  0.772360818646807      -0.624462577377427     
  0.759567740003257      -0.639653932177492     
  0.746476070931335      -0.654583453596119     
  0.733091165393255      -0.669245276903984     
  0.719418492458192      -0.683633646753148     
  0.705463634069501      -0.697742919434538     
  0.691232282767703      -0.711567565089892     
  0.676730239370157      -0.725102169877295     
  0.661963410608368      -0.738341438089463     
  0.646937806723889      -0.751280194223940     
  0.631659539023801      -0.763913385004416     
  0.616134817396754      -0.776236081352351     
  0.600369947790591      -0.788243480308163     
  0.584371329652566      -0.799930906901214     
  0.568145453333209      -0.811293815967879     
  0.551698897454869      -0.822327793916976     
  0.535038326246031      -0.833028560441897     
  0.518170486842456      -0.843391970178746     
  0.501102206556259      -0.853414014309871     
  0.483840390114016      -0.863090822112151     
  0.466392016865027      -0.872418662449452     
  0.448764137960853      -0.881393945208669     
  0.430963873507277      -0.890013222678814     
  0.412998409689825      -0.898273190872611     
  0.394874995874023      -0.906170690790091     
  0.376600941681548      -0.913702709623722     
  0.358183614043457      -0.920866381904591     
  0.339630434231672      -0.927658990589225     
  0.320948874869940      -0.934077968086624     
  0.302146456925437      -0.940120897225132     
  0.283230746682262      -0.945785512158777     
  0.264209352698007      -0.951069699212738     
  0.245089922744654      -0.955971497667631     
  0.225880140735007      -0.960489100482331     
  0.206587723635906      -0.964620854955049     
  0.187220418369458      -0.968365263322438     
  0.167785998703528      -0.971720983296509     
  0.148292262132744      -0.974686828539164     
  0.128747026751261      -0.977261769074189     
  0.109158128118529      -0.979444931636559     
  8.953341611935020E-002 -0.981235599958946     
  6.988075181944368E-002 -0.982633214995335     
  5.020800431780963E-002 -0.983637375081691     
  3.052304759713715E-002 -0.984247836033634     
  1.083375737351482E-002 -0.984464511181104     
 -8.851992053285752E-003 -0.984287471340039     
 -2.852633094770746E-002 -0.983716944721085     
 -4.818139728321589E-002 -0.982753316775420     
 -6.780933988277120E-002 -0.981397129977765     
 -8.740232155370503E-002 -0.979649083546691     
 -0.106952522215753      -0.977510033102376     
 -0.126452142020992      -0.974980990261956     
 -0.145893404464445      -0.972063122172667     
 -0.165268559484105      -0.968757750982985     
 -0.184569886549145      -0.965066353252002     
 -0.203789697735091      -0.960990559297300     
 -0.222920340784723      -0.956532152481606     
 -0.241954202153494      -0.951693068438536     
 -0.260883710038249      -0.946475394237771     
 -0.279701337388049      -0.940881367490010     
 -0.298399604895891      -0.934913375392092     
 -0.316971083970145      -0.928573953712689     
 -0.335408399684525      -0.921865785718999     
 -0.353704233705422      -0.914791701044890     
 -0.371851327195442      -0.907354674500981     
 -0.389842483691985      -0.899557824827142     
 -0.407670571959744      -0.891404413387947     
