   1.00000000000000       0.000000000000000E+000
   115233988.554679        2010098.78629299     
  1.327483162108929E+016   463263401066922.     
  1.528780589889679E+024  8.006741238614282E+022
  1.760065415895039E+032  1.229948729075308E+031
  2.025721261459843E+040  1.771109513319754E+039
  2.330759301497223E+048  2.448110118772552E+047
  2.680905963545973E+056  3.289560578380371E+055
  3.082702529468239E+064  4.329580442739016E+063
  3.543618195589141E+072  5.608801893150169E+071
  4.072178340048741E+080  7.175548395011243E+079
  4.678109961178091E+088  9.087218690132776E+087
  5.372506489979452E+096  1.141191086083719E+096
  6.168014445591663E+104  1.423032693273321E+104
  7.079044697388015E+112  1.763800514405135E+112
  8.122011423636042E+120  2.174793474440320E+120
  9.315602217088387E+128  2.669361716473553E+128
  1.068108318517447E+137  3.263264781945699E+136
  1.224264332934439E+145  3.975090488804350E+144
  1.402778296725729E+153  4.826744543880238E+152
  1.606775148547062E+161  5.844022550427255E+160
  1.839804028140454E+169  7.057277954486174E+168
  2.105893737365069E+177  8.502201654742768E+176
  2.409615083061933E+185  1.022073152627590E+185
  2.756150888991440E+193  1.226211303258296E+193
  3.151374541445876E+201  1.468413548420855E+201
  3.601938015490273E+209  1.755457241731811E+209
  4.115370415806724E+217  2.095285909351900E+217
  4.700188157300159E+225  2.497204535749985E+225
  5.366018005167245E+233  2.972106814016422E+233
  6.123734290920620E+241  3.532739488690681E+241
  6.985611718333311E+249  4.194009726722021E+249
  7.965495269364750E+257  4.973342384838382E+257
  9.078988812107528E+265  5.891095118261441E+265
  1.034366409715297E+274  6.971040518242446E+273
  1.177929190099862E+282  8.240925899408710E+281
  1.340809712953579E+290  9.733123011260182E+289
  1.525503972413142E+298  1.148538185447391E+298
  1.734812320845961E+306  1.354170497998905E+306
                     NaN                     NaN
                     NaN                     NaN
                     NaN                     NaN
                     NaN                     NaN
                     NaN                     NaN
                     NaN                     NaN
                     NaN                     NaN
                     NaN                     NaN
                     NaN                     NaN
                     NaN                     NaN
                     NaN                     NaN
                     NaN                     NaN
                     NaN                     NaN
                     NaN                     NaN
                     NaN                     NaN
                     NaN                     NaN
                     NaN                     NaN
                     NaN                     NaN
                     NaN                     NaN
                     NaN                     NaN
                     NaN                     NaN
                     NaN                     NaN
                     NaN                     NaN
                     NaN                     NaN
                     NaN                     NaN
                     NaN                     NaN
                     NaN                     NaN
                     NaN                     NaN
                     NaN                     NaN
                     NaN                     NaN
                     NaN                     NaN
                     NaN                     NaN
                     NaN                     NaN
                     NaN                     NaN
                     NaN                     NaN
                     NaN                     NaN
                     NaN                     NaN
                     NaN                     NaN
                     NaN                     NaN
                     NaN                     NaN
                     NaN                     NaN
                     NaN                     NaN
                     NaN                     NaN
                     NaN                     NaN
                     NaN                     NaN
                     NaN                     NaN
                     NaN                     NaN
                     NaN                     NaN
                     NaN                     NaN
                     NaN                     NaN
                     NaN                     NaN
                     NaN                     NaN
                     NaN                     NaN
                     NaN                     NaN
                     NaN                     NaN
                     NaN                     NaN
                     NaN                     NaN
                     NaN                     NaN
                     NaN                     NaN
                     NaN                     NaN
                     NaN                     NaN
                     NaN                     NaN
