   1.00000000000000       0.000000000000000E+000
  0.996067682407173       6.258477827057170E-002
  0.988233973464819       0.124677350091870     
  0.976545019314272       0.186035483263419     
  0.961061944684135       0.246420786164707     
  0.941860553627878       0.305599630084374     
  0.919030973714458       0.363344049193230     
  0.892677245293477       0.419432614710045     
  0.862916857666019       0.473651279924092     
  0.829880234193849       0.525794192866148     
  0.793710168572507       0.575664473559486     
  0.754561214677058       0.623074952933751     
  0.712599032562412       0.667848870646816     
  0.667999693362352       0.709820529232164     
  0.620948945982245       0.748835902171207     
  0.571641448619283       0.784753193680603     
  0.520279968270465       0.817443348203171     
  0.467074551501990       0.846790507796719     
  0.412241669853874       0.872692415827050     
  0.356003343340066       0.895060765588861     
  0.298586245576877       0.913821492700206     
  0.240220794130894       0.928915010341829     
  0.181140229721521       0.940296386641083     
  0.121579687942866       0.947935463730424     
  6.177526718465771E-002  0.951816918241642     
  1.963096432373773E-003  0.951940263228246     
 -5.762159338723299E-002  0.948319791738777     
 -0.116745390877396       0.940984462492359     
 -0.175177614864105       0.929977728333750     
 -0.232691210771643       0.915357308367448     
 -0.289063629212353       0.897194904888378     
 -0.344077683405680       0.875575866439348     
 -0.397522382138095       0.850598798532097     
 -0.449193735084617       0.822375123768489     
 -0.498895527433841       0.791028593290590     
 -0.546440060891103       0.756694751672137     
 -0.591648858278142       0.719520357538709     
 -0.634353329101681       0.679662762368988     
 -0.674395393627213       0.637289250084307     
 -0.711628063167077       0.592576340177627     
 -0.745915974473139       0.545709057265625     
 -0.777135876313159       0.496880170068295     
 -0.805177066505483       0.446289402928843     
 -0.829941777888330       0.394142623082419     
 -0.851345511906712       0.340651006964963     
 -0.869317318711216       0.286030188922932     
 -0.883800022877530       0.230499395740642     
 -0.894750394072956       0.174280570444319     
 -0.902139262215280       0.117597488870510     
 -0.905951576889428       6.067487250123130E-002
 -0.906186411007460       3.737501069152473E-003
 -0.902856908916773      -5.299067157676169E-002
 -0.895990179378994      -0.109287394881275     
 -0.885627134057208      -0.164932988844753     
 -0.871822272360918      -0.219711197766454     
 -0.854643413705719      -0.273410027165189     
 -0.834171378447326      -0.325822560652489     
 -0.810499618946439      -0.376747753624878     
 -0.783733802411327      -0.425991200745387     
 -0.753991347348146      -0.473365874299371     
 -0.721400915624248      -0.518692830635733     
 -0.686101862316384      -0.561801882041082     
 -0.648243645673195      -0.602532231540745     
 -0.607985199669026      -0.640733068276176     
 -0.565494271763501      -0.676264121272562     
 -0.520946728607816      -0.708996169582681     
 -0.474525832553968      -0.738811506972484     
 -0.426421491926746      -0.765604359499881     
 -0.376829488109799      -0.789281254529916     
 -0.325950682576335      -0.809761339926204     
 -0.273990207061484      -0.826976652359402     
 -0.221156640127141      -0.840872333877723     
 -0.167661173410803      -0.851406796091315     
 -0.113716770877532      -0.858551831530892     
 -5.953732440865732E-002 -0.862292671950424     
 -5.336809062099483E-003 -0.862627993553286     
  4.867155867258600E-002 -0.859569869329995     
  0.102276156326229      -0.853143668902958     
  0.155267781348615      -0.843387906478478     
  0.207440464243455      -0.830354037707988     
  0.258592265792475      -0.814106206458213     
  0.308526055296214      -0.794720942683020     
  0.357050266845923      -0.772286812777312     
  0.403979630739036      -0.746904023974718     
  0.449135877259792      -0.718683984525459     
  0.492348410166211      -0.687748821557763     
  0.533454947354153      -0.654230858685185     
  0.572302126308269      -0.618272055572307     
  0.608746072097458      -0.580023411812247     
  0.642652925828595      -0.539644337600425     
  0.673899331635969      -0.497301993809892     
  0.702372880454488      -0.453170604183562     
  0.727972509001521      -0.407430742457672     
  0.750608852574607      -0.360268597318315     
  0.770204550459313      -0.311875218168627     
  0.786694502932636      -0.262445744747974     
  0.800026079041680      -0.212178623696022     
  0.810159274534114      -0.161274815193742     
  0.817066819515399      -0.109936992840111     
  0.820734235607135      -5.836873993745102E-002
  0.821159842580339      -6.773745359983700E-003
