   1.00000000000000       0.000000000000000E+000
   1.00000000000000       -229.336263712055     
  -52594.1218534052       -458.672527424110     
  -157784.365560216        12061280.7265491     
   2765931273.04342        48246957.5963060     
   13830708263.6542       -634280096886.510     
  -145449596858609.       -3806163054564.40     
 -1.018340810871271E+015  3.335306093892340E+016
  7.648048038282303E+018  2.668955376896450E+017
  6.885687345344549E+019 -1.753707866252287E+021
 -4.021199528152862E+023 -1.754508595495925E+022
 -4.425844412232492E+024  9.220314245677060E+025
  2.114109834913388E+028  1.107209763729046E+027
  2.750644487082604E+029 -4.847313296395726E+030
 -1.111389655988452E+033 -6.792956624316434E+031
 -1.669010257377629E+034  2.548140216663745E+035
  5.842140556783517E+037  4.082459786907181E+036
  9.946774798518400E+038 -1.339406441394705E+040
 -3.070750011133367E+042 -2.415096812416913E+041
 -5.845767795739209E+043  7.039928246658343E+044
  1.613926264110011E+047  1.411045827269671E+046
  3.397432405936115E+048 -3.699907147350174E+049
 -8.481831380142245E+051 -8.161535256651492E+050
 -1.956554315716079E+053  1.944375364631816E+054
  4.457201259468543E+056  4.681526101623410E+055
  1.118215717211458E+058 -1.021729730849017E+059
 -2.342078574247163E+061 -2.666647119178622E+060
 -6.349796726934104E+062  5.368568848259821E+063
  1.230572541468146E+066  1.509924345168704E+065
  3.585861332235424E+067 -2.820639164524350E+068
 -6.465162611386843E+070 -8.505744317696490E+069
 -2.015327248024419E+072  1.481845663154558E+073
  3.396394150609769E+075  4.770060778505646E+074
  1.127911858128001E+077 -7.784393385164736E+077
 -1.784115782360384E+080 -2.664554847247612E+079
 -6.289202109472177E+081  4.088959920715163E+082
  9.371178704742103E+084  1.483231712723478E+084
  3.495299979199744E+086 -2.147667879010792E+087
 -4.921885970688095E+089 -8.230757165726021E+088
 -1.936829955615713E+091  1.127943863217818E+092
  2.584847482717544E+094  4.554647840986718E+093
  1.070394393203241E+096 -5.923437991678499E+096
 -1.357388742948384E+099 -2.514036888272424E+098
 -5.901337142201636E+100  3.110470590237588E+101
  7.127535698370998E+103  1.384495317000077E+103
  3.246425188260039E+105 -1.633217911221687E+106
 -3.742314510683630E+108 -7.608552022084803E+107
 -1.782340038110569E+110  8.574875723133840E+110
  1.964747620100613E+113  4.173300807278141E+112
  9.767366906886795E+114 -4.501705482502997E+115
 -1.031427578998616E+118 -2.285028487555205E+117
 -5.343541716015056E+119  2.363152444083578E+120
  5.414221979365383E+122  1.249099416581234E+122
  2.918780151830137E+124 -1.240428340238764E+125
 -2.841833229377192E+127 -6.817864180200116E+126
 -1.592001829877122E+129  6.510536285001095E+129
  1.491510064534039E+132  3.716142877717755E+131
  8.671614236412957E+133 -3.416857312013914E+134
 -7.827421281508401E+136 -2.022884182451339E+136
 -4.717481216071142E+138  1.793088667018914E+139
  4.107485072769403E+141  1.099820402895748E+141
  2.563361870271677E+143 -9.408954594390790E+143
 -2.155251130243673E+146 -5.972807884644389E+145
 -1.391333955436686E+148  4.936799607828039E+148
  1.130795842798986E+151  3.240201305233930E+150
  7.544036194452644E+152 -2.590084734781208E+153
 -5.932459521529067E+155 -1.756021921492094E+155
 -4.086519659929870E+157  1.358772079368981E+158
  3.112070599527496E+160  9.507748711878654E+159
  2.211592271890633E+162 -7.127598688325842E+162
 -1.632405260147705E+165 -5.143259071781797E+164
 -1.195859871427039E+167  3.738553973189993E+167
  8.561901400258324E+169  2.779925888094482E+169
  6.460997179722540E+171 -1.960774551518133E+172
 -4.490306099088775E+174 -1.501348698566876E+174
 -3.488040071573729E+176  1.028288674989907E+177
  2.354750787324479E+179  8.102169644425482E+178
  1.881668822087017E+181 -5.392195305735743E+181
 -1.234744255801032E+184 -4.369270925066366E+183
 -1.014379711658447E+186  2.827347071728245E+186
  6.473988339357179E+188  2.354614001287884E+188
  5.464723658788133E+190 -1.482365683062302E+191
 -3.394137348425929E+193 -1.268082962955946E+193
 -2.942115461496554E+195  7.771306950505892E+195
  1.779300384727051E+198  6.825050742995950E+197
  1.583024640891149E+200 -4.073755971804250E+200
 -9.326769492073686E+202 -3.671187124778985E+202
 -8.512631080766894E+204  2.135295280690985E+205
  4.888493784875782E+207  1.973607959229105E+207
  4.575083691868532E+209 -1.119135291843787E+210
 -2.562007980505639E+212 -1.060423952981507E+212
 -2.457556753080527E+214  5.865009138966501E+214
  1.342601725814556E+217  5.694718927507848E+216
  1.319431578983118E+219 -3.073377915589168E+219
 -7.035175765573814E+221 -3.056668864632752E+221
 -7.080401925854196E+223  1.610364255769665E+224
  3.686068814410742E+226  1.639896565812739E+226
  3.797738200921351E+228 -8.437093531166723E+228
 -1.931133768826007E+231 -8.793961830870124E+230
 -2.036085687206408E+233  4.419996070876425E+233
  1.011629298829558E+236  4.713682801723867E+235
