   -4729.9829588476140998       0.0000000000000000       0.0000000000000000  384769.6341625835048035       0.0000000000000000       0.0000000000000000
   -4495.5628052769197893   -1461.1963698781564744       0.0000000000000000  365700.2722823225194588  118863.8516394761536503       0.0000000000000000
   -3814.8219626647246514   -2777.2086062454709463       0.0000000000000000  310324.0886363590834662  225917.4184590703807771       0.0000000000000000
   -2753.4333042856351312   -3815.8679169451361304       0.0000000000000000  223983.3704261743696406  310409.1738151696627028       0.0000000000000000
   -1415.1691728148166476   -4470.3676724058041145       0.0000000000000000  115119.6800579563569045  363650.7253512149909511       0.0000000000000000
      66.6988687090479289   -4670.2056840110317353       0.0000000000000000   -5425.7487892706558341  379906.9358462851378135       0.0000000000000000
    1541.3726770803905310   -4389.6408956526538532       0.0000000000000000 -125385.9487927027366823  357083.8491851321887225       0.0000000000000000
    2855.3415600185608128   -3652.3840984257853961       0.0000000000000000 -232273.2950659996131435  297110.2656392893986776       0.0000000000000000
    3868.8550291403953452   -2531.2581495490394445       0.0000000000000000 -314719.5131868084426969  205910.1017163769574836       0.0000000000000000
    4472.1511822069232949   -1141.9895977953513011       0.0000000000000000 -363795.8084138120757416   92897.3578941279411083       0.0000000000000000
    4599.0365466969360568     368.8170137862834963       0.0000000000000000 -374117.5443904894636944  -30002.1350398393260548       0.0000000000000000
    4235.4429264844138743    1840.2836904911373495       0.0000000000000000 -344540.3164278953336179 -149701.4446999525534920       0.0000000000000000
    3421.3056785809808389    3116.0971992000227146       0.0000000000000000 -278312.7435678323963657 -253484.9680818631313741       0.0000000000000000
    2245.3782183165794777    4062.6461542233428190       0.0000000000000000 -182654.6444532629684545 -330483.8279741682927124       0.0000000000000000
     834.0045258954196470    4583.7058313191328125       0.0000000000000000  -67843.7151065131329233 -372870.4376252666115761       0.0000000000000000
    -664.0728639756889606    4629.7960760732539711       0.0000000000000000   54020.2946083080460085 -376619.7379434283939190       0.0000000000000000
   -2094.3918920784249167    4201.5397824068386399       0.0000000000000000  170372.3690168285393156 -341782.3994423195836134       0.0000000000000000
   -3312.7081150297071872    3347.4386810236992460       0.0000000000000000  269478.6642144573852420 -272303.8894400094868615       0.0000000000000000
   -4198.6063690322471302    2157.1678078246045516       0.0000000000000000  341543.7752441333723255 -175478.9975916096591391       0.0000000000000000
   -4665.9246870783026679     751.7117066913069721       0.0000000000000000  379558.6898509002639912  -61149.4461810520151630       0.0000000000000000
   -4669.6877416733632344    -728.4526630691082119       0.0000000000000000  379864.8028226535534486   59257.3941835401201388       0.0000000000000000
   -4209.5487916385363860   -2136.1849310813786360       0.0000000000000000  342433.9078259429661557  173772.1048018443689216       0.0000000000000000
   -3329.8089636945928760   -3330.8153355287786326       0.0000000000000000  270869.7659038091078401  270951.6311717900098301       0.0000000000000000
   -2116.0198274071381093   -4190.9709234777355960       0.0000000000000000  172131.7353478541190270  340922.6551220868132077       0.0000000000000000
    -688.1091862172540914   -4626.3966402483374623       0.0000000000000000   55975.5758420810889220  376343.2042455076007172       0.0000000000000000
     809.9691206598511144   -4587.8458986513260243       0.0000000000000000  -65888.5084683707827935  373207.2194290650077164       0.0000000000000000
    2223.7716942415263475   -4073.8513949249763755       0.0000000000000000 -180897.0198621780727990  331395.3400034888763912       0.0000000000000000
    3404.2512800607028112   -3133.0594296879926333       0.0000000000000000 -276925.4204555503092706  254864.7936068639974110       0.0000000000000000
    4224.4382703202691118   -1861.0145514081982583       0.0000000000000000 -343645.1213366652373224  151387.8367737361695617       0.0000000000000000
    4594.7105669887496333    -390.9450150375580506       0.0000000000000000 -373765.6391840236610733   31802.1802028509846423       0.0000000000000000
    4474.1723707364471920    1120.8241852107030354       0.0000000000000000 -363960.2259133771876805  -91175.6163724463694962       0.0000000000000000
    3876.0323327975629581    2512.9965052454472243       0.0000000000000000 -315303.3648679814068601 -204424.5728552727377973       0.0000000000000000
    2865.9053644305272428    3638.2309116295273270       0.0000000000000000 -233132.6282167364261113 -295958.9472194961272180       0.0000000000000000
    1553.3689126523620416    4379.9152653003611704       0.0000000000000000 -126361.8058333125663921 -356292.6989283113507554       0.0000000000000000
      78.3973874065188738    4664.3921269949123598       0.0000000000000000   -6377.3874735180579592 -379434.0207796273753047       0.0000000000000000
   -1404.9487572492689651    4467.3424915605846763       0.0000000000000000  114288.2805386854306562 -363404.6361502145882696       0.0000000000000000
   -2745.1442152797467315    3814.2343041793888005       0.0000000000000000  223309.0784103075857274 -310276.2844175320351496       0.0000000000000000
   -3808.1833969728395459    2775.6574770455863472       0.0000000000000000  309784.0616394640528597 -225791.2388470150181092       0.0000000000000000
   -4489.7056344625216298    1458.8177323713614442       0.0000000000000000  365223.8093666859786026 -118670.3567598423833260       0.0000000000000000
   -4723.7036986286630054      -3.5076420815018992       0.0000000000000000  384258.8355659969965927     285.3359456496982602       0.0000000000000000
   -4487.6953299877359314   -1465.4647895800287642       0.0000000000000000  365060.2772516554687172  119211.0745156318589579       0.0000000000000000
   -3804.4161396557105945   -2781.2499496019481739       0.0000000000000000  309477.6067891360144131  226246.1693696597940288       0.0000000000000000
   -2740.0817098408906531   -3818.2228238126363067       0.0000000000000000  222897.2590903223026544  310600.7382799414335750       0.0000000000000000
   -1399.1865991991789997   -4469.3665135142255167       0.0000000000000000  113819.5466205700213322  363569.2841401564073749       0.0000000000000000
      84.2077965918426798   -4664.2882661728363018       0.0000000000000000   -6850.0464737771399086  379425.5720196915208362       0.0000000000000000
    1558.5756834560274910   -4377.6916822775965557       0.0000000000000000 -126785.3606990963307908  356111.8172562950639986       0.0000000000000000
    2869.8737811998962570   -3634.0333456191360710       0.0000000000000000 -233455.4467727097799070  295617.4880742414970882       0.0000000000000000
    3878.1312641642020935   -2507.0974832626479838       0.0000000000000000 -315474.1065093572251499  203944.7054752014519181       0.0000000000000000
    4473.7586451218312504   -1113.6565628476539587       0.0000000000000000 -363926.5706011349684559   90592.5522349123348249       0.0000000000000000
    4591.1524582121510321     398.7149342745908598       0.0000000000000000 -373476.1979272168828174  -32434.2393473176489351       0.0000000000000000
    4217.2101089070938542    1868.4100398637681337       0.0000000000000000 -343057.1325327279628254 -151989.4371203474875074       0.0000000000000000
    3393.1008608524075498    3138.7676091961211569       0.0000000000000000 -276018.3679868916515261 -255329.1365358323673718       0.0000000000000000
    2208.9232753906139806    4076.2984846930685308       0.0000000000000000 -179689.1464429995976388 -331594.4032650330336764       0.0000000000000000
     792.2967043117139383    4585.3925537359209557       0.0000000000000000  -64450.9114976833661785 -373007.6473304373212159       0.0000000000000000
    -707.0067259557347370    4617.6300167073432021       0.0000000000000000   57512.8328501952200895 -375630.0662570514250547       0.0000000000000000
   -2133.8874278467224030    4175.0345512829653671       0.0000000000000000  173585.2099468784290366 -339626.2800288561265916       0.0000000000000000
   -3343.9560429158759689    3307.7025160709490592       0.0000000000000000  272020.5874910752754658 -269071.4740624255500734       0.0000000000000000
   -4217.1930336784043902    2106.9284050656701766       0.0000000000000000  343055.7435151454410516 -171392.1759712614293676       0.0000000000000000
   -4668.3675326371594565     695.1659398622780373       0.0000000000000000  379757.4078590148128569  -56549.6211487977416255       0.0000000000000000
   -4653.9152491552986248    -785.9575264609363785       0.0000000000000000  378581.7588394495542161   63935.2387851682578912       0.0000000000000000
   -4175.2770805231330087   -2188.6215162001399221       0.0000000000000000  339646.0090401064371690  178037.6604810961580370       0.0000000000000000
   -3278.7692456611571288   -3372.0702502809581347       0.0000000000000000  266717.8410858240677044  274307.5921963235596195       0.0000000000000000
   -2051.9936883362897788   -4215.5214115616545314       0.0000000000000000  166923.4049328256514855  342919.7621731573599391       0.0000000000000000
    -616.7357834318795540   -4630.0111001657669476       0.0000000000000000   50169.5680154995643534  376637.2294951163930818       0.0000000000000000
     881.6338254921104181   -4568.2299509828435475       0.0000000000000000  -71718.2128247254004236  371611.5221350524807349       0.0000000000000000
    2287.9348529328435689   -4031.1449065505844374       0.0000000000000000 -186116.4964038837642875  327921.2979083793470636       0.0000000000000000
    3453.2520905722603857   -3070.0858787516917801       0.0000000000000000 -280911.4863881840719841  249742.0880143714603037       0.0000000000000000
    4251.7084981364660052   -1783.2018568025130207       0.0000000000000000 -345863.4708892233320512  145058.0122696892940439       0.0000000000000000
    4595.6898285325105462    -305.8812903838993407       0.0000000000000000 -373845.2991128688445315   24882.5066014322364936       0.0000000000000000
    4447.0268334456195589    1204.1709942788559147       0.0000000000000000 -361752.0195533515070565  -97955.6241468482476193       0.0000000000000000
    3822.0475162930897568    2585.2966493581925533       0.0000000000000000 -310911.8653049845015630 -210305.9682518735062331       0.0000000000000000
    2789.4803761447965371    3690.8995411438663723       0.0000000000000000 -226915.6893737376085483 -300243.3789999897708185       0.0000000000000000
    1461.6137044917036292    4406.1445621162283715       0.0000000000000000 -118897.8005327329301508 -358426.3719305170816369       0.0000000000000000
     -19.5977276165383500    4659.9699748718121555       0.0000000000000000    1594.2151485620561289 -379074.2922416141373105       0.0000000000000000
   -1499.0600776977662463    4431.1686471040811739       0.0000000000000000  121943.9483612921903841 -360462.0046399371349253       0.0000000000000000
   -2825.2561228981867316    3748.5002237435232928       0.0000000000000000  229825.9368545345787425 -304929.0182008517440408       0.0000000000000000
   -3865.2155757649516090    2685.6999047737767796       0.0000000000000000  314423.4547959004412405 -218473.4657230270968284       0.0000000000000000
   -4516.5410774099200353    1352.6818694531634719       0.0000000000000000  367406.7905011422117241 -110036.5292171502514975       0.0000000000000000
   -4715.9547109574677961    -115.7498033146150647       0.0000000000000000  383628.4791403366252780    9415.8921635102597065       0.0000000000000000
   -4444.2585058888880667   -1572.5939907623626368       0.0000000000000000  361526.8245810844819061  127925.7070852801116416       0.0000000000000000
   -3727.7719327169343160   -2871.9284163621450716       0.0000000000000000  303242.8351797905052081  233622.5850534583150875       0.0000000000000000
   -2636.2938982719219894   -3882.1148674698774812       0.0000000000000000  214454.4383369779097848  315798.1604435689514503       0.0000000000000000
   -1277.5591568481261220   -4498.2745260626325035       0.0000000000000000  103925.5265142177522648  365920.8624670529970899       0.0000000000000000
     211.8450542026987478   -4653.1998805240764341       0.0000000000000000  -17232.9466541207220871  378523.5657912023016252       0.0000000000000000
    1678.9476106501008417   -4325.6052336482571263       0.0000000000000000 -136577.2484908420010470  351874.7441086101462133       0.0000000000000000
    2969.6447971759093889   -3544.4132865374299399       0.0000000000000000 -241571.5135008801880758  288327.1706150640966371       0.0000000000000000
    3945.4599545261498861   -2387.8261608860711931       0.0000000000000000 -320951.0893620650167577  194242.3485161596909165       0.0000000000000000
    4499.8178755915350848    -976.4062880305141334       0.0000000000000000 -366046.4092266899533570   79427.6625324402994011       0.0000000000000000
    4571.3731891862998964     539.6674760876608161       0.0000000000000000 -371867.2149407456745394  -43900.2971364381664898       0.0000000000000000
    4152.0263898859629990    1997.7891855895884419       0.0000000000000000 -337754.6365323549252935 -162514.0345665337226819       0.0000000000000000
    3288.0552327894288283    3242.0907309606773197       0.0000000000000000 -267473.2277122164377943 -263734.1561961084371433       0.0000000000000000
    2074.1140664479453335    4141.5820550237021962       0.0000000000000000 -168722.8299767643038649 -336905.0218637658981606       0.0000000000000000
     641.2705286007242194    4604.5294358471055602       0.0000000000000000  -52165.3944286209298298 -374564.3741078900638968       0.0000000000000000
    -858.7313325406591957    4587.2776576165315419       0.0000000000000000   69855.1651327985746320 -373160.9947603988694027       0.0000000000000000
   -2270.4534415576176798    4096.9540514449208786       0.0000000000000000  184694.4371030352776870 -333274.6703889694763348       0.0000000000000000
   -3450.7695440074039652    3188.5728291505674861       0.0000000000000000  280709.5388247668743134 -259380.6387141675804742       0.0000000000000000
   -4282.3521165283964365    1957.7102282367343378       0.0000000000000000  348356.2354384133359417 -159253.7340765647240914       0.0000000000000000
   -4683.8264776173973587     530.1066684952368178       0.0000000000000000  381014.9457098573911935  -43122.5547065726859728       0.0000000000000000
   -4616.3257943774833620    -950.5906334644193976       0.0000000000000000  375523.9717630350496620   77327.6380610026244540       0.0000000000000000
   -4086.4633877041023879   -2336.0021937949704807       0.0000000000000000  332421.2870079310378060  190026.6274380960385315       0.0000000000000000
   -3145.7936913013863887   -3486.3915819981589266       0.0000000000000000  255900.6868066815368365  283607.2825682574766688       0.0000000000000000
   -1886.7676915798667778   -4283.6005540656715311       0.0000000000000000  153482.7758905595983379  348457.7920103209326044       0.0000000000000000
    -435.1371891697797309   -4642.7982054225594766       0.0000000000000000   35397.0782863431668375  377677.4213635568157770       0.0000000000000000
    1061.1442652522371191   -4522.0594742042721919       0.0000000000000000  -86320.8375774559535785  367855.6951873100479133       0.0000000000000000
    2446.1420546385352282   -3928.5362341503919197       0.0000000000000000 -198986.1679548801039346  319574.3965168046415783       0.0000000000000000
    3572.3118663490049585   -2919.9010779693580844       0.0000000000000000 -290596.6346789195085876  237525.0142201189300977       0.0000000000000000
    4317.3196202184981303   -1600.0236152751344889       0.0000000000000000 -351200.7348202214925550  130157.0230711562035140       0.0000000000000000
    4598.9897121833391793    -108.5908890144917223       0.0000000000000000 -374113.7345461776712909    8833.5364002394489944       0.0000000000000000
    4385.8825599851779771    1394.4780662021657918       0.0000000000000000 -356778.1200836904463358 -113436.5218751400680048       0.0000000000000000
    3701.4985751168815113    2747.7690193318439924       0.0000000000000000 -301105.5779676694073714 -223522.5981848317896947       0.0000000000000000
    2621.2479325970898572    3807.3859374821886377       0.0000000000000000 -213230.4950884063146077 -309719.1907511026947759       0.0000000000000000
    1262.7721720561637540    4463.2802447754393143       0.0000000000000000 -102722.6505676688684616 -363074.1848096924368292       0.0000000000000000
    -228.5487270191601965    4650.6246000185210505       0.0000000000000000   18591.7393040504102828 -378314.0746055888012052       0.0000000000000000
   -1696.4209897073899356    4355.1301005012483074       0.0000000000000000  137998.6543872195179574 -354276.5016448571113870       0.0000000000000000
   -2990.3627388411905486    3612.4043917802346186       0.0000000000000000  243256.8546330834215041 -293858.0388905313448049       0.0000000000000000
   -3980.4628621433716944    2502.3071639756117293       0.0000000000000000  323798.4687449710909277 -203555.0276654450281058       0.0000000000000000
   -4569.0525282406160841    1139.6386112176162442       0.0000000000000000  371678.4362768816645257  -92706.1123329272086266       0.0000000000000000
   -4698.8163553911408599    -337.5285330744295607       0.0000000000000000  382234.3263793712831102   27456.9129149931832217       0.0000000000000000
   -4357.2703102684172336   -1780.8037793121750383       0.0000000000000000  354450.6011577554745600  144862.9360069045796990       0.0000000000000000
   -3577.6771118952165125   -3044.9142674499516943       0.0000000000000000  291033.0809798865811899  247694.4544909286778420       0.0000000000000000
   -2436.4412423634757943   -4000.9626281609971556       0.0000000000000000  198197.0365726719610393  325466.0619561170460656       0.0000000000000000
   -1046.9527050958733980   -4548.8197679708309806       0.0000000000000000   85166.3976022911228938  370032.5631659538485110       0.0000000000000000
     450.1318283783041352   -4627.7725383152755967       0.0000000000000000  -36616.8462839960120618  376455.1293413204257376       0.0000000000000000
    1899.9544560426370481   -4224.2812325488630449       0.0000000000000000 -154555.4788119557779282  343632.3467946894234046       0.0000000000000000
    3149.1619264836876937   -3375.5250755285351261       0.0000000000000000 -256174.6824278338463046  274588.6316542195854709       0.0000000000000000
    4062.8485824616482205   -2167.5242359551129994       0.0000000000000000 -330500.2948916736640967  176321.4613166755589191       0.0000000000000000
    4540.6285468613523335    -727.1831631478330564       0.0000000000000000 -369366.2324038618826307   59154.1242511691671098       0.0000000000000000
    4529.3306703101980020     791.3915960375456962       0.0000000000000000 -368447.1847317618667148  -64377.2837103189085610       0.0000000000000000
    4030.0142016052277540    2224.7131152502242912       0.0000000000000000 -327829.3185224146582186 -180973.6015793338592630       0.0000000000000000
    3097.9075622441946507    3419.2531702558007964       0.0000000000000000 -252005.2967980661196634 -278145.7782987669925205       0.0000000000000000
    1835.2568023129533685    4249.2608525139448830       0.0000000000000000 -149292.5227350879576989 -345664.3624106232891791       0.0000000000000000
     378.4662258124863001    4630.4134203816320223       0.0000000000000000  -30787.0688997642282629 -376669.9570130844949745       0.0000000000000000
   -1118.1549549366188785    4527.6805592591508685       0.0000000000000000   90958.4826607650320511 -368312.9532491209101863       0.0000000000000000
   -2499.4972752614121418    3957.0304054074927080       0.0000000000000000  203326.4518202472245321 -321892.3101215145434253       0.0000000000000000
   -3625.4551621808986965    2981.6408952946744648       0.0000000000000000  294919.6791112895589322 -242547.3593600922031328       0.0000000000000000
   -4383.9939242288646710    1703.8609023730177796       0.0000000000000000  356624.4853464568150230 -138603.8685073222732171       0.0000000000000000
   -4700.7618194307087833     254.2885339639726681       0.0000000000000000  382392.5839234885061160  -20685.5938036803127034       0.0000000000000000
   -4545.0421717526460270   -1220.8438915910405740       0.0000000000000000  369725.2672776771942154   99311.9133037132269237       0.0000000000000000
   -3932.0849978420164916   -2573.0643698672756727       0.0000000000000000  319863.0775795594672672  209310.9097610412864015       0.0000000000000000
   -2921.8866661592442142   -3665.1291203570008292       0.0000000000000000  237686.5357410384458490  298147.0341580217937008       0.0000000000000000
   -1614.4157220625913851   -4383.9033572183025171       0.0000000000000000  131327.7769008495379239  356617.1179973921971396       0.0000000000000000
    -141.2508689254614183   -4651.8614493537506860       0.0000000000000000   11490.3257864699698985  378414.6885127370478585       0.0000000000000000
    1346.2681953478331707   -4436.1620235532200240       0.0000000000000000 -109514.7964623739244416  360868.2005282285972498       0.0000000000000000
    2691.8898630327694264   -3754.0198094389484140       0.0000000000000000 -218976.9998785403440706  305378.0196004839963280       0.0000000000000000
    3751.1800233305852998   -2673.0705609072733751       0.0000000000000000 -305147.0116937871207483  217446.1072607440873981       0.0000000000000000
    4408.2762419812752341   -1305.7958866858216425       0.0000000000000000 -358599.7775619840249419  106222.4980475460179150       0.0000000000000000
    4590.2507337147999351     202.0785276244150737       0.0000000000000000 -373402.8453997356118634  -16438.4696145071065985       0.0000000000000000
    4276.6068498125605402    1688.1070624209164635       0.0000000000000000 -347888.8755786268739030 -137322.3418532591895200       0.0000000000000000
    3502.0733727238657593    2992.2927567963643014       0.0000000000000000 -284882.9482383097638376 -243413.8556855149799958       0.0000000000000000
    2352.1075122272695808    3975.9200720382091276       0.0000000000000000 -191336.7457905662595294 -323428.9266764127532952       0.0000000000000000
     951.9776829413444830    4537.1458763646560328       0.0000000000000000  -77440.4702898785471916 -369082.9278201926499605       0.0000000000000000
    -548.5379489062472658    4621.2648380245364024       0.0000000000000000   44621.8829457235406153 -375925.7478441983694211       0.0000000000000000
   -1992.2865947509521902    4224.7888275825680466       0.0000000000000000  162066.4156464785628486 -343673.6380968170124106       0.0000000000000000
   -3231.3348035045210054    3393.6464368942406509       0.0000000000000000  262859.1944238607538864 -276062.7489277624408714       0.0000000000000000
   -4141.2782380780136009    2216.5850228317121946       0.0000000000000000  336880.3072852881741710 -180312.4061430024448782       0.0000000000000000
   -4632.2786068838777283     815.1496631735105893       0.0000000000000000  376821.6842252917704172  -66309.9297430515580345       0.0000000000000000
   -4656.4513262307709738    -668.4705732342738429       0.0000000000000000  378788.0609460411360487   54378.0347941204818198       0.0000000000000000
   -4211.5781544861793009   -2084.6998840080395894       0.0000000000000000  342598.9902812668005936  169583.9538297170656733       0.0000000000000000
   -3341.2222388551417680   -3290.1578323640305825       0.0000000000000000  271798.2008995256619528  267644.2677510840585455       0.0000000000000000
   -2131.2765856423384321   -4160.9028206522471010       0.0000000000000000  173372.8259259290643968  338476.7070024480344728       0.0000000000000000
    -702.9150781174271287   -4604.6068027664705369       0.0000000000000000   57179.9898240046895808  374570.6676699438830838       0.0000000000000000
     798.0257467382618870   -4570.7138439770706100       0.0000000000000000  -64916.9515611948008882  371813.5792263817274943       0.0000000000000000
    2214.9189249481651132   -4057.3754857343265030       0.0000000000000000 -180176.8741804738529027  330055.0752272883546539       0.0000000000000000
    3396.6084187713800020   -3113.8288305516575747       0.0000000000000000 -276303.6970861745066941  253300.4432363064261153       0.0000000000000000
    4214.4699927270430635   -1837.0886393216248962       0.0000000000000000 -342834.2324695882271044  149441.5370680838241242       0.0000000000000000
    4578.0155643721018350    -362.4975195928523135       0.0000000000000000 -372407.5518283066339791   29488.0635325964249205       0.0000000000000000
    4446.5031057329424584    1151.2250359736956398       0.0000000000000000 -361709.4159071700414643  -93648.6325181843421888       0.0000000000000000
    3834.3863404907260701    2540.5567171875763961       0.0000000000000000 -311915.5908815480652265 -206666.5117287664907053       0.0000000000000000
    2809.4939100031319867    3656.5599059606711307       0.0000000000000000 -228543.7290871898876503 -297449.9547991655417718       0.0000000000000000
    1484.2731344273624927    4382.0388394629189861       0.0000000000000000 -120741.0757923935889266 -356465.4451856952509843       0.0000000000000000
       1.7701182036682894    4643.9938666620191725       0.0000000000000000    -143.9936971354909474 -377774.6847451975336298       0.0000000000000000
   -1481.1975426280441752    4420.0320889057366003       0.0000000000000000  120490.8858146034617675 -359556.0797220027307048       0.0000000000000000
   -2811.1519576262571718    3738.6375159845761118       0.0000000000000000  228678.6061856826127041 -304126.7171166201005690       0.0000000000000000
   -3853.3282910164934947    2674.1554697061810657       0.0000000000000000  313456.4605712639167905 -217534.3612703816033900       0.0000000000000000
   -4504.0383609954369604    1337.8177305506756056       0.0000000000000000  366389.7327944490825757 -108827.3770198949059704       0.0000000000000000
   -4699.4438407884817934    -133.8290885174646974       0.0000000000000000  382285.3703955731471069   10886.5866700155165745       0.0000000000000000
   -4420.6139307716666735   -1591.9494518094124942       0.0000000000000000  359603.4107766543165781  129500.2145900503674056       0.0000000000000000
   -3694.9312573317488386   -2889.0304742927032748       0.0000000000000000  300571.3467698887689039  235013.7851128748734482       0.0000000000000000
   -2593.9054761163188232   -3892.3860815040293346       0.0000000000000000  211006.2699550989782438  316633.6922627595486119       0.0000000000000000
   -1227.3828167503190798   -4496.8618133639374719       0.0000000000000000   99843.8348483056470286  365805.9426136492984369       0.0000000000000000
     265.8584691273265435   -4635.8780319099532790       0.0000000000000000  -21626.7726110472867731  377114.4864325150847435       0.0000000000000000
    1730.9396153322743430   -4289.6886360183971192       0.0000000000000000 -140806.6389125355053693  348953.0388401938835159       0.0000000000000000
    3012.4932585024262153   -3489.5356250509657912       0.0000000000000000 -245057.1046610299090389  283863.0408459861646406       0.0000000000000000
    3971.7263020165569287   -2316.4464253558990094       0.0000000000000000 -323087.7763232202269137  188435.8255401793576311       0.0000000000000000
    4502.8806940990762087    -893.9225140922519586       0.0000000000000000 -366295.5601363002206199   72717.8600239162333310       0.0000000000000000
    4546.5814497390574616     625.2631849668221093       0.0000000000000000 -369850.4828297892818227  -50863.2460260728985304       0.0000000000000000
    4097.6821531622126713    2076.7050054923802236       0.0000000000000000 -333333.8992347830790095 -168933.5949365804553963       0.0000000000000000
    3206.0509730673538797    3303.8865149349176136       0.0000000000000000 -260802.4322172707179561 -268761.0540516406763345       0.0000000000000000
    1970.1037338509122492    4176.5178547716886897       0.0000000000000000 -160261.9078189699794166 -339746.9422269338974729       0.0000000000000000
     524.3318772583627378    4604.9175401819738909       0.0000000000000000  -42652.7931173801334808 -374595.9452074521686882       0.0000000000000000
    -976.9049783316527282    4548.6507526731811595       0.0000000000000000   79468.2294618402956985 -370018.8142888796865009       0.0000000000000000
   -2376.7307513323430612    4018.9000112117273602       0.0000000000000000  193339.7709145086701028 -326925.2131569336634129       0.0000000000000000
   -3531.9908994656129835    3075.1397773061066800       0.0000000000000000  287316.6474544926313683 -250153.2071906518831383       0.0000000000000000
   -4326.8234057309791751    1817.3379018867929062       0.0000000000000000  351973.8386784467147663 -147834.8750391949724872       0.0000000000000000
   -4682.7536736592101079     375.0825402704722364       0.0000000000000000  380927.6763919554068707  -30511.8164391407335643       0.0000000000000000
   -4565.0570250113541988   -1105.1204622317895883       0.0000000000000000  371353.4143203155254014   89898.1665807372191921       0.0000000000000000
   -3985.4135813578741363   -2473.4113061756170282       0.0000000000000000  324201.1945978099247441  201204.4380901270487811       0.0000000000000000
   -3000.9328371555607191   -3590.2563603138373765       0.0000000000000000  244116.6997735156037379  292056.3643308402970433       0.0000000000000000
   -1709.5628608270817494   -4339.5662702296513089       0.0000000000000000  139067.7053725907462649  353010.4316966451588087       0.0000000000000000
    -241.8614826805235225   -4640.4581305943238476       0.0000000000000000   19674.6912237706856104  377487.0634397795656696       0.0000000000000000
    1250.7730157650082674   -4456.6250187940877368       0.0000000000000000 -101746.5559354924043873  362532.8025492542656139       0.0000000000000000
    2610.9448748705763137   -3802.0374597340896798       0.0000000000000000 -212392.3728823249111883  309284.1084591899998486       0.0000000000000000
    3692.0892583484592251   -2741.6571530175760927       0.0000000000000000 -300340.1588525869883597  223025.4165699650766328       0.0000000000000000
    4375.4569813630396311   -1386.1865737953685311       0.0000000000000000 -355930.0311778138857335  112762.0343499708687887       0.0000000000000000
    4584.8397227687801205     119.2982243855240085       0.0000000000000000 -372962.6762235951609910   -9704.5453551114915172       0.0000000000000000
    4296.5180225037938726    1611.7958446737311533       0.0000000000000000 -349508.5885244883247651 -131114.6578952909039799       0.0000000000000000
    3542.5129558510247989    2929.6710324978921562       0.0000000000000000 -288172.5845310610602610 -238319.7701129868801218       0.0000000000000000
    2406.4523378792464428    3931.7963005027422696       0.0000000000000000 -195757.5309956425626297 -319839.5929347691126168       0.0000000000000000
    1012.8430143504549505    4513.5698005018884942       0.0000000000000000  -82391.6786775657965336 -367165.0862204139120877       0.0000000000000000
    -488.2440360744667487    4617.6263519327721951       0.0000000000000000   39717.1577100614522351 -375629.7681388527271338       0.0000000000000000
   -1938.4979471740969075    4238.2870836361016700       0.0000000000000000  157690.8738252272596583 -344771.6799055765732192       0.0000000000000000
   -3188.2605317254019610    3419.9940686770123648       0.0000000000000000  259355.2342746456270106 -278206.0481172718573362       0.0000000000000000
   -4111.1675350484019873    2250.7968814411869971       0.0000000000000000  334430.8937694513006136 -183095.4361107003642246       0.0000000000000000
   -4615.4867498455396344     852.2857750925109031       0.0000000000000000  375455.7180588673800230  -69330.8387656835111557       0.0000000000000000
   -4651.7381627217300775    -632.6991298189400368       0.0000000000000000  378404.6595226325443946   51468.1373767051554751       0.0000000000000000
   -4216.5561634318846700   -2053.5118405791281475       0.0000000000000000  343003.9360701973200776  167046.9019703808880877       0.0000000000000000
   -3352.8740964046305635   -3265.4845547306786102       0.0000000000000000  272746.0438422251609154  265637.1721460560220294       0.0000000000000000
   -2146.4735886949856649   -4143.3644452367188933       0.0000000000000000  174609.0556028241990134  337050.0138513025012799       0.0000000000000000
    -718.8811517915869445   -4593.6584794705840977       0.0000000000000000   58478.7810416619759053  373680.0550851022126153       0.0000000000000000
     783.3480865945730329   -4564.9301620805781567       0.0000000000000000  -63722.9688401183375390  371343.0944092540303245       0.0000000000000000
    2202.6350541950878323   -4054.8343422924945116       0.0000000000000000 -179177.6188983969914261  329848.3609873091336340       0.0000000000000000
    3386.7962108560559500   -3112.5481375771560124       0.0000000000000000 -275505.5040096341399476  253196.2627833226870280       0.0000000000000000
    4206.2763546289661463   -1835.4597526725617627       0.0000000000000000 -342167.7050928754033521  149309.0321255735179875       0.0000000000000000
    4569.9200416188632516    -359.6509234243628725       0.0000000000000000 -371749.0058345433790237   29256.5016483629588038       0.0000000000000000
    4436.7173408349144665    1155.1874307533423689       0.0000000000000000 -360913.3738891389220953  -93970.9612037254264578       0.0000000000000000
    3821.3284618054667590    2544.5157028509888733       0.0000000000000000 -310853.3724236005800776 -206988.5630931379855610       0.0000000000000000
    2792.2532931515861492    3658.5435180944932654       0.0000000000000000 -227141.2576837155502290 -297611.3155739666544832       0.0000000000000000
    1462.9738591395248477    4379.5805410077819033       0.0000000000000000 -119008.4449495915760053 -356265.4701317700091749       0.0000000000000000
     -22.2437850798598902    4634.6266281448906739       0.0000000000000000    1809.4638230301789008 -377012.6885670457850210       0.0000000000000000
   -1505.3986601799399523    4401.8320667551315637       0.0000000000000000  122459.5726423958403757 -358075.5636344012455083       0.0000000000000000
   -2832.0900126033729975    3710.7223477857755825       0.0000000000000000  230381.8528619836433791 -301855.9036382408812642       0.0000000000000000
   -3867.0788014879408365    2637.0527544637443498       0.0000000000000000  314575.0225047160638496 -214516.1689651466149371       0.0000000000000000
   -4506.7767845755388407    1293.6424204970892333       0.0000000000000000  366612.4951697602518834 -105233.8507775733451126       0.0000000000000000
   -4688.0684922414120592    -181.4218915166654824       0.0000000000000000  381360.0206137637142092   14758.1155017497221706       0.0000000000000000
   -4393.3370035351445040   -1638.0429915604038342       0.0000000000000000  357384.5162467599147931  133249.7829461240908131       0.0000000000000000
   -3651.7595575041987104   -2927.9387497763982537       0.0000000000000000  297059.4611471812822856  238178.8542165109829511       0.0000000000000000
   -2536.9385761583180283   -3918.3203275000023496       0.0000000000000000  206372.1870319836598355  318743.3637839863076806       0.0000000000000000
   -1160.8666333640069297   -4504.7083628696818778       0.0000000000000000   94432.9469507974572480  366444.2353958954336122       0.0000000000000000
     335.7671504078750786   -4622.0011204966413061       0.0000000000000000  -27313.6298270539991790  375985.6421693864976987       0.0000000000000000
    1796.7133064487584306   -4252.6499494697591217       0.0000000000000000 -146157.1273368286783807  345940.0550731997354887       0.0000000000000000
    3066.0518030872876807   -3430.6097473020827238       0.0000000000000000 -249413.9283082812908106  279069.6010764577658847       0.0000000000000000
    4005.4529152703735235   -2239.8177541122499861       0.0000000000000000 -325831.3330666849506088  182202.3177120767650194       0.0000000000000000
    4510.7033015011511452    -806.4830911270778415       0.0000000000000000 -366931.9053017029073089   65604.9306374054867774       0.0000000000000000
    4524.9510718003102738     714.5334860708474025       0.0000000000000000 -368090.9177999161183834  -58125.1117444502015132       0.0000000000000000
    4046.2786218519254362    2157.7160019581724555       0.0000000000000000 -329152.3793204413959756 -175523.5915062231360935       0.0000000000000000
    3128.0858391510928413    3366.6401333250564676       0.0000000000000000 -254460.2072419614123646 -273865.8688047618488781       0.0000000000000000
    1872.1618219755075643    4212.3586387658251624       0.0000000000000000 -152294.6331100862589665 -342662.4802881680661812       0.0000000000000000
     415.7744096504575282    4607.6519914172840799       0.0000000000000000  -33821.9754462566634174 -374818.3844446723815054       0.0000000000000000
   -1084.8858222512210432    4515.3912231250633340       0.0000000000000000   88252.1405610921647167 -367313.2533750235452317       0.0000000000000000
   -2472.2785260863611256    3950.5441295397004069       0.0000000000000000  201112.2898975589196198 -321364.6714356101001613       0.0000000000000000
   -3603.8383353708131835    2976.4519890267715709       0.0000000000000000  293161.2164242492290214 -242125.2577195991470944       0.0000000000000000
   -4365.5111667836617926    1696.6421139598780883       0.0000000000000000  355120.9696081597940065 -138016.6421682391664945       0.0000000000000000
   -4681.7130017496147047     243.6005315448587680       0.0000000000000000  380843.0209178391960450  -19816.1575252540933434       0.0000000000000000
   -4521.4715129267851808   -1234.2367297574451186       0.0000000000000000  367807.8663372719311155  100401.3796900721499696       0.0000000000000000
   -3900.7844015376481366   -2586.2956064640166005       0.0000000000000000  317316.8698883515316993  210387.2303544067544863       0.0000000000000000
   -2881.2752198584530561   -3673.7200403885162814       0.0000000000000000  234382.9189052235451527  298845.8792038568644784       0.0000000000000000
   -1565.1665322768069473   -4382.5690314495786879       0.0000000000000000  127321.5060746023082174  356508.5746807833202183       0.0000000000000000
     -86.5645056112559814   -4635.5257127222394047       0.0000000000000000    7041.7575380944472272  377085.8263451267266646       0.0000000000000000
    1400.8082855841985292   -4401.0434985078945829       0.0000000000000000 -113951.4658436418831116  358011.4160214863950387       0.0000000000000000
    2738.8969869527963965   -3698.6279610362526000       0.0000000000000000 -222800.8855100751388818  300872.0622998136677779       0.0000000000000000
    3782.4352860430085457   -2598.9423542780414209       0.0000000000000000 -307689.5316360666765831  211416.0045745437091682       0.0000000000000000
    4415.9784639249064639   -1217.8200672467041841       0.0000000000000000 -359226.3297388675273396   99065.9344499129074393       0.0000000000000000
    4568.3685261283981163     295.8535879234634649       0.0000000000000000 -371622.7947989311069250  -24066.7837033174146200       0.0000000000000000
    4222.1155807916511549    1777.2061081808781182       0.0000000000000000 -343456.1776537826517597 -144570.2764736450335477       0.0000000000000000
    3415.8599651625631850    3065.0146674836960301       0.0000000000000000 -277869.7514517919626087 -249329.5605018293135799       0.0000000000000000
    2239.3729290037508690    4020.8461569406526905       0.0000000000000000 -182166.1325511995237321 -327083.5261543890228495       0.0000000000000000
     822.0501457306870634    4544.7379793096106368       0.0000000000000000  -66871.2628751498414204 -369700.5221536270109937       0.0000000000000000
    -682.9696476931367215    4585.3247498190648912       0.0000000000000000   55557.4901164290204179 -373002.1316893552429974       0.0000000000000000
   -2116.4260312855258235    4143.5815651506336508       0.0000000000000000  172164.7787898834212683 -337067.6758916333783418       0.0000000000000000
   -3329.8674193959423064    3270.5469757161822599       0.0000000000000000  270874.5210961715783924 -266048.9845960063394159       0.0000000000000000
   -4200.1226383777720912    2060.1715944058801142       0.0000000000000000  341667.1191137547139078 -167588.6525571723468602       0.0000000000000000
   -4640.3228025504886318     638.7227276220780823       0.0000000000000000  377476.0549176822532900  -51958.1386183919967152       0.0000000000000000
   -4607.1059189557126956    -847.9207167887836931       0.0000000000000000  374773.9631215848494321   68975.7546351119963219       0.0000000000000000
   -4103.9887036559903208   -2248.0183857007878032       0.0000000000000000  333846.9178116931580007  182869.4139878313872032       0.0000000000000000
   -3180.9914804993068174   -3417.9494620442428641       0.0000000000000000  258763.9192096005426720  278039.7256267092307098       0.0000000000000000
   -1930.5582582790098058   -4235.7170510831074353       0.0000000000000000  157045.0044387821108103  344562.6156248503830284       0.0000000000000000
    -479.7661020561859004   -4613.1899102209990815       0.0000000000000000   39027.5037305336300051  375268.8771865572198294       0.0000000000000000
    1021.0943085301980773   -4506.0718934654942132       0.0000000000000000  -83062.8962000240426278  366555.1544357931124978       0.0000000000000000
    2413.1574310032592621   -3920.3414207151304254       0.0000000000000000 -196302.9697954856674187  318907.7735300186323002       0.0000000000000000
    3545.8416670238702864   -2913.8166368366537426       0.0000000000000000 -288443.3649950397666544  237030.0635598225635476       0.0000000000000000
    4294.1861838683698807   -1591.7782458350752677       0.0000000000000000 -349318.9005897779716179  129486.2875081431557192       0.0000000000000000
    4574.2844667630552067     -96.3407315830813786       0.0000000000000000 -372104.0384595374343917    7837.0235936850513099       0.0000000000000000
    4354.2336369424492659    1409.5732667532129199       0.0000000000000000 -354203.5770786203211173 -114664.4702301612269366       0.0000000000000000
    3658.5100088058707115    2761.5525442835150898       0.0000000000000000 -297608.5896959181991406 -224643.8457451772119384       0.0000000000000000
    2564.8484936748691325    3813.3402639507557979       0.0000000000000000 -208642.5733834248385392 -310203.5569817816722207       0.0000000000000000
    1194.2041022246587545    4453.7149394369662332       0.0000000000000000  -97144.8479891280876473 -362296.0765019456157461       0.0000000000000000
    -304.3135573031549939    4618.2210157508861812       0.0000000000000000   24754.9763145018805517 -375678.1422200534143485       0.0000000000000000
   -1770.9427198623523054    4294.5740205477950440       0.0000000000000000  144060.7690075827995315 -349350.4499163896543905       0.0000000000000000
   -3052.6539284852951823    3521.8244736193923927       0.0000000000000000  248324.0522233185474761 -286489.6398336015990935       0.0000000000000000
   -4018.4407195836770370    2384.2781022923018099       0.0000000000000000  326887.8511889951187186 -193953.7248109529318754       0.0000000000000000
   -4571.3235749895329718    1001.5817204376569407       0.0000000000000000  371863.1789777246303856  -81475.6068911036272766       0.0000000000000000
   -4656.5589742649090113    -483.6312170962546588       0.0000000000000000  378796.8177840848802589   39341.9190070631593699       0.0000000000000000
   -4265.9732634949896237   -1919.3871850252173772       0.0000000000000000  347023.8658834951929748  156136.2718267539166845       0.0000000000000000
   -3438.5013073678815090   -3158.4344695034369579       0.0000000000000000  279711.5553299717139453  256928.9754171658423729       0.0000000000000000
   -2256.9920285536054507   -4071.9951205614079299       0.0000000000000000  183599.3923635695828125  331244.3377664939034730       0.0000000000000000
    -841.2836992074774116   -4562.4500466098043034       0.0000000000000000   68435.8535722703090869  371141.3446079002460465       0.0000000000000000
     662.4045971072971497   -4574.0055073516705306       0.0000000000000000  -53884.5862054988683667  372081.3459653916652314       0.0000000000000000
    2095.4552073073900829   -4100.1330065344336617       0.0000000000000000 -170458.8664556532748975  333533.2686540139839053       0.0000000000000000
    3303.3663829086176520   -3186.4302976191047492       0.0000000000000000 -268718.7429035408422351  259206.3503328608931042       0.0000000000000000
    4153.2321070776388297   -1927.7246651253285563       0.0000000000000000 -337852.7179349227808416  156814.5003099998575635       0.0000000000000000
    4549.9246366570851023    -458.8818115211756776       0.0000000000000000 -370122.4408513242378831   37328.6306270171335200       0.0000000000000000
    4448.3807887657367246    1060.1260676131080345       0.0000000000000000 -361862.1596738769439980  -86238.0103164370666491       0.0000000000000000
    3859.7075466299997970    2463.0667228626430187       0.0000000000000000 -313975.3934870800585486 -200362.9379046951653436       0.0000000000000000
    2849.8503094225507084    3597.3767636053162278       0.0000000000000000 -231826.5986399597895797 -292635.5873414359521121       0.0000000000000000
    1531.0386419270125771    4342.0231986406342912       0.0000000000000000 -124545.3066677716997219 -353210.2953016558894888       0.0000000000000000
      47.6362259143209030    4620.6660232675703810       0.0000000000000000   -3875.0611529433517717 -375877.0360968185123056       0.0000000000000000
   -1441.1022046764969673    4408.6251667782771619       0.0000000000000000  117229.2528130770660937 -358628.1615260772523470       0.0000000000000000
   -2778.7287053969907902    3733.4525544337784595       0.0000000000000000  226041.0738716870546341 -303704.9363667879952118       0.0000000000000000
   -3827.5956932061662883    2669.9366312861620827       0.0000000000000000  311363.1925126538262703 -217191.1716797185945325       0.0000000000000000
   -4481.7556766976240397    1330.9030943191221468       0.0000000000000000  364577.1046391222043894 -108264.8925297059322475       0.0000000000000000
   -4676.1107106347080844    -144.7515916942770673       0.0000000000000000  380387.2916855143848807   11775.0988672208040953       0.0000000000000000
   -4391.6538053254162151   -1605.5682759314511259       0.0000000000000000  357247.5932250483310781  130608.0642421060329070       0.0000000000000000
   -3656.8655117362704914   -2901.6314813020289876       0.0000000000000000  297474.8148934904602356  236038.8384585779858753       0.0000000000000000
   -2545.3434941619880192   -3898.5203767950315523       0.0000000000000000  207055.9013822437264025  317132.6984062332776375       0.0000000000000000
   -1169.6816637809802160   -4490.3638843988001099       0.0000000000000000   95150.0226904336013831  365277.3559839602676220       0.0000000000000000
     328.3752397167424988   -4611.0970187541315681       0.0000000000000000  -26712.3205206260608975  375098.6268725389381871       0.0000000000000000
    1791.2683158509719306   -4242.7612894087405948       0.0000000000000000 -145714.1940200350363739  345135.6428486465592869       0.0000000000000000
    3061.7454829825119305   -3419.5057111133796752       0.0000000000000000 -249063.6223503680666909  278166.3217244566185400       0.0000000000000000
    4000.3623179903479468   -2226.0317482753862350       0.0000000000000000 -325417.2285614137072116  181080.8683393088576850       0.0000000000000000
    4502.2279677222049941    -789.7591751043653403       0.0000000000000000 -366242.4628436827333644   64244.4912646213488188       0.0000000000000000
    4510.4143912823219580     733.0021730805483458       0.0000000000000000 -366908.4033398179453798  -59627.4828958901489386       0.0000000000000000
    4023.6014946107470678    2175.3183282073659939       0.0000000000000000 -327307.6644391465815715 -176955.4868619206245057       0.0000000000000000
    3096.4148942823821926    3379.6673268580511831       0.0000000000000000 -251883.8728287616686430 -274925.5911195048829541       0.0000000000000000
    1832.3305386494857885    4216.5796629112965093       0.0000000000000000 -149054.4801440121955238 -343005.8476808973937295       0.0000000000000000
     370.4990141262912857    4599.0575668472638426       0.0000000000000000  -30138.9606185131706297 -374119.2543153619626537       0.0000000000000000
   -1131.1276385829698938    4490.9850958482747956       0.0000000000000000   92013.7707631013909122 -365327.8896336890757084       0.0000000000000000
   -2513.6823762541334872    3909.0511384532837837       0.0000000000000000  204480.3663622290478088 -317989.3436300883768126       0.0000000000000000
   -3633.9673509597500924    2918.8283337096272589       0.0000000000000000  295612.1196107307914644 -237437.7497584921657108       0.0000000000000000
   -4378.1602298118450562    1626.3053003851348421       0.0000000000000000  356149.9321638828841969 -132294.9577007079205941       0.0000000000000000
   -4671.8351627798219852     166.3342912979328503       0.0000000000000000  380039.4889559309813194  -13530.7854104714351706       0.0000000000000000
   -4486.0536280804944909   -1310.7109934899353902       0.0000000000000000  364926.7298271243926138  106622.3269398233533138       0.0000000000000000
   -3839.5617932849572753   -2653.0567803410640408       0.0000000000000000  312336.5981231445912272  215818.0474783661775291       0.0000000000000000
   -2797.1824974638952881   -3721.6399500521874870       0.0000000000000000  227542.2333651291846763  302744.0171613976126537       0.0000000000000000
   -1464.4342249252822512   -4403.4730475669966836       0.0000000000000000  119127.2412357636349043  358209.0524000513250940       0.0000000000000000
      21.6065320401048666   -4623.3999399603208076       0.0000000000000000   -1757.6252390126028331  376099.4318506593117490       0.0000000000000000
    1505.0240541944797314   -4353.1335113554941927       0.0000000000000000 -122429.0995922236470506  354114.0852298667305149       0.0000000000000000
    2826.7688488056310234   -3616.2514360495320034       0.0000000000000000 -229948.9924763063318096  294170.9841651817550883       0.0000000000000000
    3842.0917769148932166   -2487.8414585507257470       0.0000000000000000 -312542.4045465822564438  202378.2868119115009904       0.0000000000000000
    4437.7009362618209707   -1087.9233059078651422       0.0000000000000000 -360993.3863661099458113   88499.2305581473483471       0.0000000000000000
    4546.1012791824769010     431.3023010326239728       0.0000000000000000 -369811.4224249209510162  -35085.1218758279719623       0.0000000000000000
    4154.5900331166931210    1903.0756412539051325       0.0000000000000000 -337963.1810612839763053 -154809.3776742367190309       0.0000000000000000
    3307.1244825754747581    3166.0815013935512070       0.0000000000000000 -269024.4528070535161532 -257551.0380521271436010       0.0000000000000000
    2098.6253043922533834    4083.6901248419603689       0.0000000000000000 -170716.7441491286735982 -332195.6905636651208624       0.0000000000000000
     662.7960548169226058    4559.4615482987319410       0.0000000000000000  -53916.4300918375374749 -370898.2394187405006960       0.0000000000000000
    -844.3008147060486408    4546.8678216756452457       0.0000000000000000   68681.2866820106282830 -369873.7783101768000051       0.0000000000000000
   -2262.2134211319025781    4052.4890314701788157       0.0000000000000000  184024.1366659585910384 -329657.5771314219455235       0.0000000000000000
   -3443.1705196275770504    3133.1352184759161901       0.0000000000000000  280091.3814537902944721 -254870.9587927458633203       0.0000000000000000
   -4266.5048161031891141    1888.1092281558724153       0.0000000000000000  347067.1060609696432948 -153591.9057842623442411       0.0000000000000000
   -4649.4727547542215689     448.0824448951429986       0.0000000000000000  378220.3755193984252401  -36450.1352112569002202       0.0000000000000000
   -4554.1329667438458273   -1038.0622807780312087       0.0000000000000000  370464.7756212481763214   84443.1887996261502849       0.0000000000000000
   -3990.2852356552166384   -2417.3442260739584526       0.0000000000000000  324597.4887616710038856  196643.5527577805332839       0.0000000000000000
   -3014.5626454767393625   -3546.9238689868234360       0.0000000000000000  245225.4429565400932916  288531.3988118760753423       0.0000000000000000
   -1725.7251121007532220   -4307.7286435452588194       0.0000000000000000  140382.4550374240498058  350420.5382279969053343       0.0000000000000000
    -256.1689826082310901   -4616.6316761104390025       0.0000000000000000   20838.5625444199977210  375548.8543056460330263       0.0000000000000000
    1240.2141066273841261   -4436.1189807575692612       0.0000000000000000 -100887.6210003385203891  360864.6991285737603903       0.0000000000000000
    2603.3269407820293964   -3780.1465136346337204       0.0000000000000000 -211772.6772644286975265  307503.3470071039046161       0.0000000000000000
    3684.1759255375282009   -2714.8462751714760088       0.0000000000000000 -299696.4334529066691175  220844.4337313049472868       0.0000000000000000
    4362.3177036076940567   -1353.0901476551966880       0.0000000000000000 -354861.1911546961055137  110069.7413990622735582       0.0000000000000000
    4560.9601360595634105     157.2390058155203860       0.0000000000000000 -371020.1449455768452026  -12790.9117791883763857       0.0000000000000000
    4257.1261470051349534    1650.2004509487901487       0.0000000000000000 -346304.1800400473293848 -134238.7550506417755969       0.0000000000000000
    3484.8998192048056808    2961.6642418973719941       0.0000000000000000 -283485.9322316369507462 -240922.3197592346114106       0.0000000000000000
    2331.0404032255573838    3949.0005027755323681       0.0000000000000000 -189623.0009644271922298 -321239.1021237315144390       0.0000000000000000
     923.7834888230281649    4507.5064052758552862       0.0000000000000000  -75146.9589071113441605 -366671.8475801864406094       0.0000000000000000
    -583.0853892801308120    4581.3027844318457937       0.0000000000000000   47432.2114626679831417 -372674.9571172431460582       0.0000000000000000
   -2028.1989117708883441    4167.7085239341222405       0.0000000000000000  164987.7727003854233772 -339030.3301306324428879       0.0000000000000000
   -3260.0695322342676263    3315.3543976154614938       0.0000000000000000  265196.6766425695968792 -269693.9312019349308684       0.0000000000000000
   -4152.1421154735990058    2117.1582554788633388       0.0000000000000000  337764.0504546506563202 -172224.3429864966310561       0.0000000000000000
   -4614.3372804689124678     699.6298654057000022       0.0000000000000000  375362.2122438611695543  -56912.7478266675025225       0.0000000000000000
   -4600.6520573509651513    -790.0906138126852056       0.0000000000000000  374248.9612367562367581   64271.4527889341261471       0.0000000000000000
   -4112.7787962615393553   -2198.3222427008372506       0.0000000000000000  334561.9649367061210796  178826.7848858355719130       0.0000000000000000
   -3199.8341354668318672   -3379.1861280093348796       0.0000000000000000  260296.7115096100314986  274886.4470662369858474       0.0000000000000000
   -1954.2607475818190323   -4208.4518232856798932       0.0000000000000000  158973.1293849229696207  342344.6728085126960650       0.0000000000000000
    -503.9199824269699093   -4596.0749464950049514       0.0000000000000000   40992.3479582447471330  373876.6272801936720498       0.0000000000000000
     999.5212385026850370   -4496.3998476591132203       0.0000000000000000  -81307.9929932982922764  365768.3631177473580465       0.0000000000000000
    2395.4814781284180754   -3914.7563142758181129       0.0000000000000000 -194865.0851391794276424  318453.4422184449504130       0.0000000000000000
    3531.6157186182163059   -2909.0915468834955391       0.0000000000000000 -287286.1276410638820380  236645.6919566938886419       0.0000000000000000
    4281.4586829200015927   -1585.5539817286546622       0.0000000000000000 -348283.5573493683477864  128979.9626769551250618       0.0000000000000000
    4560.1420627613888428     -87.7092489074934747       0.0000000000000000 -370953.5971870780340396    7134.8789009316387819       0.0000000000000000
    4335.5563045921408047    1419.7518520936594086       0.0000000000000000 -352684.2332674327190034 -115492.4669886724150274       0.0000000000000000
    3632.8174967332233791    2770.6799140040056955       0.0000000000000000 -295518.5824893584358506 -225386.3293310120934620       0.0000000000000000
    2531.0825672042637962    3817.4797269883383706       0.0000000000000000 -205895.8186301251989789 -310540.2896280642598867       0.0000000000000000
    1153.2886909281719454    4448.3105941834583064       0.0000000000000000  -93816.5045314211893128 -361856.4495594877516851       0.0000000000000000
    -349.2565925098640491    4599.0176488223532942       0.0000000000000000   28410.9546478442207444 -374116.0071062355418690       0.0000000000000000
   -1814.7801239695629647    4258.5771143952142666       0.0000000000000000  147626.8076355657540262 -346422.2117954891873524       0.0000000000000000
   -3088.8142072761716008    3468.1335515550958917       0.0000000000000000  251265.5802082215959672 -282122.0476836379966699       0.0000000000000000
   -4039.7948371873085307    2314.6523683579766839       0.0000000000000000  328624.9432862988323905 -188289.8844953989610076       0.0000000000000000
   -4571.2520248881683074     920.6416554120601177       0.0000000000000000  371857.3585960053605959  -74891.3803769822261529       0.0000000000000000
   -4630.0640795442395756    -568.6125522968732184       0.0000000000000000  376641.5392053746036254   46254.8904786872735713       0.0000000000000000
   -4210.6920362573991952   -1999.1022776836555295       0.0000000000000000  342526.9072759592090733  162620.8505887222127058       0.0000000000000000
   -3355.4805480078020992   -3222.5256520456568978       0.0000000000000000  272958.0707012061611749  262142.5969194759381935       0.0000000000000000
   -2151.1004110843718991   -4110.3213682827336015       0.0000000000000000  174985.4334404551191255  334362.0606933736125939       0.0000000000000000
    -721.1573863952366992   -4566.5109921902603674       0.0000000000000000   58663.9457586000353331  371471.6900994022144005       0.0000000000000000
     784.9494447273450533   -4538.3550123620589147       0.0000000000000000  -63853.2344221064558951  369181.2873321529477835       0.0000000000000000
    2206.5507571552143418   -4023.5787817025702680       0.0000000000000000 -179496.1493473614682443  327305.8168136075255461       0.0000000000000000
    3388.6869261588253721   -3072.8014634579221820       0.0000000000000000 -275659.3079116145381704  249962.9925172162475064       0.0000000000000000
    4199.8798374094976680   -1786.0140037223520721       0.0000000000000000 -341647.3679982509929687  145286.7718130124267191       0.0000000000000000
    4548.3441490716113549    -302.6462673720720886       0.0000000000000000 -369993.8730244794278406   24619.3473825589317130       0.0000000000000000
    4393.9901054137462779    1214.0989032294776280       0.0000000000000000 -357437.6440852907835506  -98763.2291484161833068       0.0000000000000000
    3753.9526619205826137    2596.6743305321228945       0.0000000000000000 -305372.5573554185102694 -211231.5077857293945272       0.0000000000000000
    2700.4825797514399710    3693.4269296008774290       0.0000000000000000 -219675.9910793737508357 -300448.9743140571517870       0.0000000000000000
    1351.5552174962381287    4386.4374921477628959       0.0000000000000000 -109944.8795293895527720 -356823.2621163405710831       0.0000000000000000
