   1.00000000000000       0.000000000000000E+000
  -170.268303289494       -166.456037541498     
  -332.534005178201       -334.606941757479     
  -494.261343716352       -502.235112893568     
  -655.653161272981       -669.531442329238     
  -816.795591101903       -836.578444904098     
  -977.738889854122       -1003.42499703102     
  -1138.51627630826       -1170.10375198664     
  -1299.15139826232       -1336.63813508264     
  -1459.66196562393       -1503.04579145783     
  -1620.06174429631       -1669.34049838791     
  -1780.36174492108       -1835.53331512510     
  -1940.57097659259       -2001.63331698877     
  -2100.69694821302       -2167.64808644503     
  -2260.74601509116       -2333.58405421396     
  -2420.72362628412       -2499.44674367092     
  -2580.63450587160       -2665.24095058275     
  -2740.48278885867       -2830.97087825928     
  -2900.27212507659       -2996.64024114931     
  -3060.00575998378       -3162.25234558967     
  -3219.68659845250       -3327.81015368115     
  -3379.31725579844       -3493.31633448277     
  -3538.90009909217       -3658.77330552461     
  -3698.43728096214       -3824.18326682604     
  -3857.93076752188       -3989.54822903863     
  -4017.38236164539       -4154.87003693028     
  -4176.79372252136       -4320.15038913697     
  -4336.16638220140       -4485.39085489559     
  -4495.50175969905       -4650.59288831383     
  -4654.80117307654       -4815.75784061435     
  -4814.06584986631       -4980.88697070060     
  -4973.29693610453       -5145.98145432253     
  -5132.49550420038       -5311.04239206675     
  -5291.66255982299       -5476.07081635384     
  -5450.79904795463       -5641.06769759249     
  -5609.90585823279       -5806.03394961386     
  -5768.98382968254       -5970.97043448831     
  -5928.03375492392       -6135.87796681009     
  -6087.05638392507       -6300.75731752131     
  -6246.05242736098       -6465.60921733565     
  -6405.02255962827       -6630.43435981282     
  -6563.96742155893       -6795.23340412721     
  -6722.88762286987       -6960.00697756795     
  -6881.78374437939       -7124.75567780202     
  -7040.65634001799       -7289.48007492804     
  -7199.50593865660       -7454.18071334423     
  -7358.33304577259       -7618.85811345124     
  -7517.13814497125       -7783.51277320769     
  -7675.92169937787       -7948.14516955388     
  -7834.68415291422       -8112.75575971758     
  -7993.42593147082       -8277.34498241369     
  -8152.14744398576       -8441.91325894837     
  -8310.84908343901       -8606.46099423708     
  -8469.53122777035       -8770.98857774462     
  -8628.19424072826       -8935.49638435460     
  -8786.83847265594       -9099.98477517481     
  -8945.46426122035       -9264.45409828426     
  -9104.07193208928       -9428.90468942719     
  -9262.66179956095       -9593.33687265851     
  -9421.23416715033       -9757.75096094503     
  -9579.78932813576       -9922.14725672603     
  -9738.32756606925       -10086.5260524367     
  -9896.84915525329       -10250.8876309974     
  -10055.3543611871       -10415.2322662715     
  -10213.8434409844       -10579.5602234941     
  -10372.3166437655       -10743.8717596746     
  -10530.7742110248       -10908.1671239738     
  -10689.2163769765       -11072.4465580591     
  -10847.6433688795       -11236.7102964380     
  -11006.0554073433       -11400.9585667723     
  -11164.4527066160       -11565.1915901740     
  -11322.8354748566       -11729.4095814848     
  -11481.2039143906       -11893.6127495392     
  -11639.5582219532       -12057.8012974138     
  -11797.8985889177       -12221.9754226625     
  -11956.2252015122       -12386.1353175393     
  -12114.5382410252       -12550.2811692090     
  -12272.8378839993       -12714.4131599472     
  -12431.1243024160       -12878.5314673297     
  -12589.3976638704       -13042.6362644123     
  -12747.6581317371       -13206.7277199016     
  -12905.9058653282       -13370.8059983172     
  -13064.1410200431       -13534.8712601459     
  -13222.3637475109       -13698.9236619886     
  -13380.5741957270       -13862.9633567001     
  -13538.7725091816       -14026.9904935218     
  -13696.9588289836       -14191.0052182090     
  -13855.1332929777       -14355.0076731518     
  -14013.2960358569       -14518.9979974902     
  -14171.4471892696       -14682.9763272250     
  -14329.5868819216       -14846.9427953223     
  -14487.7152396741       -15010.8975318146     
  -14645.8323856371       -15174.8406638971     
  -14803.9384402587       -15338.7723160195     
  -14962.0335214110       -15502.6926099740     
  -15120.1177444715       -15666.6016649802     
  -15278.1912224021       -15830.4995977654     
  -15436.2540658241       -15994.3865226423     
  -15594.3063830904       -16158.2625515835     
  -15752.3482803547       -16322.1277942924     
  -15910.3798616379       -16485.9823582718     
