       0.5086398546620965   78639.3144071516289841       0.0000000000000000       0.0000000000000000
       0.5086398546620965   14780.0521930954855634       0.0000000000000000       0.0000000000000000
       0.6442771492386555   68011.2368882666632999       0.0000000000000000       0.0000000000000000
       0.7120957965269351  384882.1162861371412873       0.0000000000000000       0.0000000000000000
       0.7799144438152146  325625.4284434174187481       0.0000000000000000       0.0000000000000000
       0.7799144438152146 -120765.4331600393779809       0.0000000000000000       0.0000000000000000
       0.8477330911034942 1072043.7375393735710531       0.0000000000000000       0.0000000000000000
       0.8477330911034942 1493030.5237603364512324      -0.0000000000145519       0.0000000000000000
       0.8477330911034942 1853674.9719333909451962       0.0000000000000000       0.0000000000000000
       0.8477330911034942 2166073.0342113305814564       0.0000000000072760       0.0000000000000000
       0.8477330911034942 2446143.2575658378191292       0.0000000000000000       0.0000000000000000
       0.8477330911034942 2690935.8168656816706061       0.0000000000000000       0.0000000000000000
       0.8477330911034942 2912253.6057455958798528       0.0000000000000000       0.0000000000000000
       0.8477330911034942 3116481.1197380898520350       0.0000000000000000       0.0000000000000000
       0.8477330911034942 3307081.3241463243030012       0.0000000000000000       0.0000000000000000
       1.1868263275448918  388858.0607614847831428       0.0000000000000000       0.0000000000000000
       1.1868263275448918  231352.5778772343765013       0.0000000000000000       0.0000000000000000
       1.1868263275448918  231198.0051381545199547       0.0000000000000000       0.0000000000000000
