  0.000000000000000E+000  1.004486050461524E-002
   1.00000000000000       0.000000000000000E+000
   1.00000000000000       6.283185307179587E-002
  0.996052158239564       0.125663706143592     
  0.988156474718693       0.188247509001945     
  0.976328534891951       0.250335211433414     
  0.960599509668470       0.311679742487547     
  0.941016093883037       0.372035989739875     
  0.917640383238281       0.431161774688929     
  0.890549689960852       0.488818820421304     
  0.859836297657412       0.544773707694057     
  0.825607156098201       0.598798815614265     
  0.787983516895960       0.650673243141250     
  0.747100511285161       0.700183707697854     
  0.703106671439824       0.747125417252787     
  0.656163396996792       0.791302912326493     
  0.606444368674210       0.832530874477686     
  0.554134911091294       0.870634897946442     
  0.499431307104345       0.905452221262083     
  0.442540066174475       0.936832415769518     
  0.383677149473949       0.964638028185775     
  0.323067154619514       0.988745174468528     
  0.260942463091860        1.00904408245990     
  0.197542353559774        1.02543958096108     
  0.133112084474823        1.03785153309541     
  6.790194943703450E-002   1.04621521202921     
  2.166308953337207E-003   1.05048161733953     
 -6.383739768196237E-002   1.05061773054539     
 -0.129849656562214        1.04660670855375     
 -0.195609895498020        1.03844801401121     
 -0.260857508537070        1.02615748179789     
 -0.325332884661919        1.00976732114882     
 -0.388778436621043       0.989326053140315     
 -0.450939625832055       0.964898383533059     
 -0.511565979295417       0.936565011218529     
 -0.570412094472485       0.904422372770910     
 -0.627238628113271       0.868582323860640     
 -0.681813265066842       0.829171758538072     
 -0.733911663170589       0.786332167644990     
 -0.783318370393686       0.740219137856979     
 -0.829827710504447       0.691001793099964     
 -0.873244633640851       0.638862180318644     
 -0.913385528287759       0.583994601801988     
 -0.950078991302904       0.526604896490707     
 -0.983166552786096       0.466909672902562     
  -1.01250335275171       0.405135496512802     
  -1.03795876674277       0.341518034618006     
  -1.05941697771526       0.276301161891442     
  -1.07677749172279       0.209736030005871     
  -1.08995559514398       0.142080104854928     
  -1.09888275141665       7.359617504605932E-002
  -1.10350693547379       4.551335465917544E-003
  -1.10379290431506      -6.478405016747892E-002
  -1.09972240239355      -0.134137403753094     
  -1.09129430074950      -0.203235000160048     
  -1.07852466908040      -0.271803043322829     
  -1.06144678019787      -0.339568746864795     
  -1.04011104658709      -0.406261415001719     
  -1.01458488905096      -0.471613519459230     
 -0.984952537689624      -0.535361768136944     
 -0.951314765733787      -0.597248161267751     
 -0.913788557017611      -0.657021030853367     
 -0.872506708141953      -0.714436059206586     
 -0.827617366640692      -0.769257272496717     
 -0.779283506720768      -0.821258005277151     
 -0.727682344399157      -0.870221832072705     
 -0.673004694106497      -0.915943462218932     
 -0.615454269066284      -0.958229594275661     
 -0.555246927989710      -0.996899726482043     
 -0.492609870848076       -1.03178691988006     
 -0.427780786696772       -1.06273851090690     
 -0.361006956725730       -1.08961677044357     
 -0.292544315900655       -1.11229950650646     
 -0.222656476736010       -1.13068060798012     
 -0.151613718904274       -1.14467052701188     
 -7.969194853544929E-002  -1.15419669792174     
 -7.171631195679054E-003  -1.15920389072312     
  6.566329734649096E-002  -1.15965449760070     
  0.138526538353785       -1.15552875094961     
  0.211130551053687       -1.14682487184522     
  0.283187682900547       -1.13355914808245     
  0.354411304741053       -1.11576594119870     
  0.424516946420964       -1.09349762217223     
  0.493223428351647       -1.06682443576822     
  0.560253984553238       -1.03583429378646     
  0.625337372707156       -1.00063249774612     
  0.688208966784405      -0.961341391823882     
  0.748611827867318      -0.918099947140192     
  0.806297748851254      -0.871063278763824     
  0.861028268798780      -0.820402097075882     
  0.912575652822045      -0.766302095400055     
  0.960723833488831      -0.708963276065041     
   1.00526930988385      -0.648599217316699     
   1.04602200060877      -0.585436283740492     
   1.08280604717165      -0.519712783088375     
   1.11546056439820      -0.451678072627234     
   1.14384033469326      -0.381591618337583     
   1.16781644319008      -0.309722010490543     
   1.18727685104632      -0.236345939317197     
   1.20212690437962      -0.161747134656710     
   1.21228977657915      -8.621527362707723E-002
