      -1.0009999999713404       0.0000000000000000       0.0000000000000000      80.0799999977072190       0.0000000000000000       0.0000000000000000
      -1.0019999997905691       0.0000000000000000       0.0000000000000000      80.1599999832455268       0.0000000000000000       0.0000000000000000
      -1.0029999994579899       0.0000000000000000       0.0000000000000000      80.2399999566391813       0.0000000000000000       0.0000000000000000
      -1.0039999989739052       0.0000000000000000       0.0000000000000000      80.3199999179123978       0.0000000000000000       0.0000000000000000
      -1.0049999983386166       0.0000000000000000       0.0000000000000000      80.3999998670893206       0.0000000000000000       0.0000000000000000
      -1.0059999975524250       0.0000000000000000       0.0000000000000000      80.4799998041939944       0.0000000000000000       0.0000000000000000
      -1.0069999966156302       0.0000000000000000       0.0000000000000000      80.5599997292504071       0.0000000000000000       0.0000000000000000
      -1.0079999955285310       0.0000000000000000       0.0000000000000000      80.6399996422824756       0.0000000000000000       0.0000000000000000
      -1.0089999942914258       0.0000000000000000       0.0000000000000000      80.7199995433140600       0.0000000000000000       0.0000000000000000
      -1.0099999929046115       0.0000000000000000       0.0000000000000000      80.7999994323689208       0.0000000000000000       0.0000000000000000
      -1.0109999913683845       0.0000000000000000       0.0000000000000000      80.8799993094707617       0.0000000000000000       0.0000000000000000
      -1.0119999896830403       0.0000000000000000       0.0000000000000000      80.9599991746432295       0.0000000000000000       0.0000000000000000
      -1.0129999878488734       0.0000000000000000       0.0000000000000000      81.0399990279098716       0.0000000000000000       0.0000000000000000
      -1.0139999858661775       0.0000000000000000       0.0000000000000000      81.1199988692941929       0.0000000000000000       0.0000000000000000
      -1.0149999837352452       0.0000000000000000       0.0000000000000000      81.1999986988196127       0.0000000000000000       0.0000000000000000
      -1.0159999814563687       0.0000000000000000       0.0000000000000000      81.2799985165094938       0.0000000000000000       0.0000000000000000
      -1.0169999790298392       0.0000000000000000       0.0000000000000000      81.3599983223871277       0.0000000000000000       0.0000000000000000
      -1.0179999764559466       0.0000000000000000       0.0000000000000000      81.4399981164757207       0.0000000000000000       0.0000000000000000
      -1.0189999737349804       0.0000000000000000       0.0000000000000000      81.5199978987984224       0.0000000000000000       0.0000000000000000
      -1.0199999708672292       0.0000000000000000       0.0000000000000000      81.5999976693783253       0.0000000000000000       0.0000000000000000
      -1.0209999678529806       0.0000000000000000       0.0000000000000000      81.6799974282384369       0.0000000000000000       0.0000000000000000
      -1.0219999646925215       0.0000000000000000       0.0000000000000000      81.7599971754017076       0.0000000000000000       0.0000000000000000
      -1.0229999613861378       0.0000000000000000       0.0000000000000000      81.8399969108910028       0.0000000000000000       0.0000000000000000
      -1.0239999579341146       0.0000000000000000       0.0000000000000000      81.9199966347291451       0.0000000000000000       0.0000000000000000
      -1.0249999543367363       0.0000000000000000       0.0000000000000000      81.9999963469388859       0.0000000000000000       0.0000000000000000
      -1.0259999505942863       0.0000000000000000       0.0000000000000000      82.0799960475428918       0.0000000000000000       0.0000000000000000
      -1.0269999467070474       0.0000000000000000       0.0000000000000000      82.1599957365637721       0.0000000000000000       0.0000000000000000
      -1.0279999426753013       0.0000000000000000       0.0000000000000000      82.2399954140240794       0.0000000000000000       0.0000000000000000
      -1.0289999384993289       0.0000000000000000       0.0000000000000000      82.3199950799462954       0.0000000000000000       0.0000000000000000
      -1.0299999341794106       0.0000000000000000       0.0000000000000000      82.3999947343528305       0.0000000000000000       0.0000000000000000
      -1.0309999297158259       0.0000000000000000       0.0000000000000000      82.4799943772660384       0.0000000000000000       0.0000000000000000
      -1.0319999251088530       0.0000000000000000       0.0000000000000000      82.5599940087082160       0.0000000000000000       0.0000000000000000
      -1.0329999203587699       0.0000000000000000       0.0000000000000000      82.6399936287015606       0.0000000000000000       0.0000000000000000
      -1.0339999154658532       0.0000000000000000       0.0000000000000000      82.7199932372682412       0.0000000000000000       0.0000000000000000
      -1.0349999104303795       0.0000000000000000       0.0000000000000000      82.7999928344303413       0.0000000000000000       0.0000000000000000
      -1.0359999052526239       0.0000000000000000       0.0000000000000000      82.8799924202098879       0.0000000000000000       0.0000000000000000
      -1.0369998999328609       0.0000000000000000       0.0000000000000000      82.9599919946288509       0.0000000000000000       0.0000000000000000
      -1.0379998944713644       0.0000000000000000       0.0000000000000000      83.0399915577091292       0.0000000000000000       0.0000000000000000
      -1.0389998888684073       0.0000000000000000       0.0000000000000000      83.1199911094725508       0.0000000000000000       0.0000000000000000
      -1.0399998831242616       0.0000000000000000       0.0000000000000000      83.1999906499409008       0.0000000000000000       0.0000000000000000
      -1.0409998772391988       0.0000000000000000       0.0000000000000000      83.2799901791358792       0.0000000000000000       0.0000000000000000
      -1.0419998712134897       0.0000000000000000       0.0000000000000000      83.3599896970791434       0.0000000000000000       0.0000000000000000
      -1.0429998650474039       0.0000000000000000       0.0000000000000000      83.4399892037922797       0.0000000000000000       0.0000000000000000
      -1.0439998587412105       0.0000000000000000       0.0000000000000000      83.5199886992968032       0.0000000000000000       0.0000000000000000
      -1.0449998522951778       0.0000000000000000       0.0000000000000000      83.5999881836141867       0.0000000000000000       0.0000000000000000
      -1.0459998457095732       0.0000000000000000       0.0000000000000000      83.6799876567658174       0.0000000000000000       0.0000000000000000
      -1.0469998389846635       0.0000000000000000       0.0000000000000000      83.7599871187730400       0.0000000000000000       0.0000000000000000
      -1.0479998321207147       0.0000000000000000       0.0000000000000000      83.8399865696571425       0.0000000000000000       0.0000000000000000
      -1.0489998251179919       0.0000000000000000       0.0000000000000000      83.9199860094393273       0.0000000000000000       0.0000000000000000
      -1.0499998179767598       0.0000000000000000       0.0000000000000000      83.9999854381407545       0.0000000000000000       0.0000000000000000
      -1.0509998106972820       0.0000000000000000       0.0000000000000000      84.0799848557825271       0.0000000000000000       0.0000000000000000
      -1.0519998032798215       0.0000000000000000       0.0000000000000000      84.1599842623856773       0.0000000000000000       0.0000000000000000
      -1.0529997957246402       0.0000000000000000       0.0000000000000000      84.2399836579711803       0.0000000000000000       0.0000000000000000
      -1.0539997880319998       0.0000000000000000       0.0000000000000000      84.3199830425599544       0.0000000000000000       0.0000000000000000
      -1.0549997802021609       0.0000000000000000       0.0000000000000000      84.3999824161728469       0.0000000000000000       0.0000000000000000
      -1.0559997722353835       0.0000000000000000       0.0000000000000000      84.4799817788306626       0.0000000000000000       0.0000000000000000
      -1.0569997641319271       0.0000000000000000       0.0000000000000000      84.5599811305541493       0.0000000000000000       0.0000000000000000
      -1.0579997558920498       0.0000000000000000       0.0000000000000000      84.6399804713639696       0.0000000000000000       0.0000000000000000
      -1.0589997475160096       0.0000000000000000       0.0000000000000000      84.7199798012807577       0.0000000000000000       0.0000000000000000
      -1.0599997390040634       0.0000000000000000       0.0000000000000000      84.7999791203250624       0.0000000000000000       0.0000000000000000
      -1.0609997303564676       0.0000000000000000       0.0000000000000000      84.8799784285173899       0.0000000000000000       0.0000000000000000
      -1.0619997215734776       0.0000000000000000       0.0000000000000000      84.9599777258782041       0.0000000000000000       0.0000000000000000
      -1.0629997126553485       0.0000000000000000       0.0000000000000000      85.0399770124278689       0.0000000000000000       0.0000000000000000
      -1.0639997036023343       0.0000000000000000       0.0000000000000000      85.1199762881867343       0.0000000000000000       0.0000000000000000
      -1.0649996944146884       0.0000000000000000       0.0000000000000000      85.1999755531750651       0.0000000000000000       0.0000000000000000
      -1.0659996850926636       0.0000000000000000       0.0000000000000000      85.2799748074130832       0.0000000000000000       0.0000000000000000
      -1.0669996756365119       0.0000000000000000       0.0000000000000000      85.3599740509209397       0.0000000000000000       0.0000000000000000
      -1.0679996660464846       0.0000000000000000       0.0000000000000000      85.4399732837187429       0.0000000000000000       0.0000000000000000
      -1.0689996563228321       0.0000000000000000       0.0000000000000000      85.5199725058265443       0.0000000000000000       0.0000000000000000
      -1.0699996464658044       0.0000000000000000       0.0000000000000000      85.5999717172643386       0.0000000000000000       0.0000000000000000
      -1.0709996364756507       0.0000000000000000       0.0000000000000000      85.6799709180520495       0.0000000000000000       0.0000000000000000
      -1.0719996263526195       0.0000000000000000       0.0000000000000000      85.7599701082095578       0.0000000000000000       0.0000000000000000
      -1.0729996160969586       0.0000000000000000       0.0000000000000000      85.8399692877566878       0.0000000000000000       0.0000000000000000
      -1.0739996057089150       0.0000000000000000       0.0000000000000000      85.9199684567132067       0.0000000000000000       0.0000000000000000
      -1.0749995951887352       0.0000000000000000       0.0000000000000000      85.9999676150988250       0.0000000000000000       0.0000000000000000
      -1.0759995845366648       0.0000000000000000       0.0000000000000000      86.0799667629331964       0.0000000000000000       0.0000000000000000
      -1.0769995737529490       0.0000000000000000       0.0000000000000000      86.1599659002359317       0.0000000000000000       0.0000000000000000
      -1.0779995628378320       0.0000000000000000       0.0000000000000000      86.2399650270265710       0.0000000000000000       0.0000000000000000
      -1.0789995517915576       0.0000000000000000       0.0000000000000000      86.3199641433246114       0.0000000000000000       0.0000000000000000
      -1.0799995406143688       0.0000000000000000       0.0000000000000000      86.3999632491494935       0.0000000000000000       0.0000000000000000
      -1.0809995293065078       0.0000000000000000       0.0000000000000000      86.4799623445206009       0.0000000000000000       0.0000000000000000
      -1.0819995178682162       0.0000000000000000       0.0000000000000000      86.5599614294572746       0.0000000000000000       0.0000000000000000
      -1.0829995062997351       0.0000000000000000       0.0000000000000000      86.6399605039787843       0.0000000000000000       0.0000000000000000
      -1.0839994946013047       0.0000000000000000       0.0000000000000000      86.7199595681043576       0.0000000000000000       0.0000000000000000
      -1.0849994827731648       0.0000000000000000       0.0000000000000000      86.7999586218531647       0.0000000000000000       0.0000000000000000
      -1.0859994708155543       0.0000000000000000       0.0000000000000000      86.8799576652443193       0.0000000000000000       0.0000000000000000
      -1.0869994587287115       0.0000000000000000       0.0000000000000000      86.9599566982968923       0.0000000000000000       0.0000000000000000
      -1.0879994465128742       0.0000000000000000       0.0000000000000000      87.0399557210298980       0.0000000000000000       0.0000000000000000
      -1.0889994341682792       0.0000000000000000       0.0000000000000000      87.1199547334623077       0.0000000000000000       0.0000000000000000
      -1.0899994216951630       0.0000000000000000       0.0000000000000000      87.1999537356130077       0.0000000000000000       0.0000000000000000
      -1.0909994090937611       0.0000000000000000       0.0000000000000000      87.2799527275008700       0.0000000000000000       0.0000000000000000
      -1.0919993963643089       0.0000000000000000       0.0000000000000000      87.3599517091446955       0.0000000000000000       0.0000000000000000
      -1.0929993835070406       0.0000000000000000       0.0000000000000000      87.4399506805632427       0.0000000000000000       0.0000000000000000
      -1.0939993705221902       0.0000000000000000       0.0000000000000000      87.5199496417751988       0.0000000000000000       0.0000000000000000
      -1.0949993574099905       0.0000000000000000       0.0000000000000000      87.5999485927992225       0.0000000000000000       0.0000000000000000
      -1.0959993441706743       0.0000000000000000       0.0000000000000000      87.6799475336539160       0.0000000000000000       0.0000000000000000
      -1.0969993308044732       0.0000000000000000       0.0000000000000000      87.7599464643578244       0.0000000000000000       0.0000000000000000
      -1.0979993173116185       0.0000000000000000       0.0000000000000000      87.8399453849294503       0.0000000000000000       0.0000000000000000
      -1.0989993036923409       0.0000000000000000       0.0000000000000000      87.9199442953872392       0.0000000000000000       0.0000000000000000
      -1.0999992899468702       0.0000000000000000       0.0000000000000000      87.9999431957495801       0.0000000000000000       0.0000000000000000
      -1.1009992760754359       0.0000000000000000       0.0000000000000000      88.0799420860348334       0.0000000000000000       0.0000000000000000
      -1.1019992620782666       0.0000000000000000       0.0000000000000000      88.1599409662612885       0.0000000000000000       0.0000000000000000
      -1.1029992479555903       0.0000000000000000       0.0000000000000000      88.2399398364471921       0.0000000000000000       0.0000000000000000
      -1.1039992337076348       0.0000000000000000       0.0000000000000000      88.3199386966107340       0.0000000000000000       0.0000000000000000
      -1.1049992193346265       0.0000000000000000       0.0000000000000000      88.3999375467700759       0.0000000000000000       0.0000000000000000
      -1.1059992048367919       0.0000000000000000       0.0000000000000000      88.4799363869433080       0.0000000000000000       0.0000000000000000
      -1.1069991902143566       0.0000000000000000       0.0000000000000000      88.5599352171484782       0.0000000000000000       0.0000000000000000
      -1.1079991754675456       0.0000000000000000       0.0000000000000000      88.6399340374035916       0.0000000000000000       0.0000000000000000
      -1.1089991605965832       0.0000000000000000       0.0000000000000000      88.7199328477266107       0.0000000000000000       0.0000000000000000
      -1.1099991456016933       0.0000000000000000       0.0000000000000000      88.7999316481354271       0.0000000000000000       0.0000000000000000
      -1.1109991304830991       0.0000000000000000       0.0000000000000000      88.8799304386478894       0.0000000000000000       0.0000000000000000
      -1.1119991152410231       0.0000000000000000       0.0000000000000000      88.9599292192818183       0.0000000000000000       0.0000000000000000
      -1.1129990998756876       0.0000000000000000       0.0000000000000000      89.0399279900549629       0.0000000000000000       0.0000000000000000
      -1.1139990843873135       0.0000000000000000       0.0000000000000000      89.1199267509850444       0.0000000000000000       0.0000000000000000
      -1.1149990687761220       0.0000000000000000       0.0000000000000000      89.1999255020897124       0.0000000000000000       0.0000000000000000
      -1.1159990530423329       0.0000000000000000       0.0000000000000000      89.2799242433865885       0.0000000000000000       0.0000000000000000
      -1.1169990371861662       0.0000000000000000       0.0000000000000000      89.3599229748932515       0.0000000000000000       0.0000000000000000
      -1.1179990212078408       0.0000000000000000       0.0000000000000000      89.4399216966272093       0.0000000000000000       0.0000000000000000
      -1.1189990051075749       0.0000000000000000       0.0000000000000000      89.5199204086059410       0.0000000000000000       0.0000000000000000
      -1.1199989888855866       0.0000000000000000       0.0000000000000000      89.5999191108468835       0.0000000000000000       0.0000000000000000
      -1.1209989725420930       0.0000000000000000       0.0000000000000000      89.6799178033674025       0.0000000000000000       0.0000000000000000
      -1.1219989560773109       0.0000000000000000       0.0000000000000000      89.7599164861848351       0.0000000000000000       0.0000000000000000
      -1.1229989394914566       0.0000000000000000       0.0000000000000000      89.8399151593164760       0.0000000000000000       0.0000000000000000
      -1.1239989227847451       0.0000000000000000       0.0000000000000000      89.9199138227795629       0.0000000000000000       0.0000000000000000
      -1.1249989059573917       0.0000000000000000       0.0000000000000000      89.9999124765912910       0.0000000000000000       0.0000000000000000
      -1.1259988890096109       0.0000000000000000       0.0000000000000000      90.0799111207688128       0.0000000000000000       0.0000000000000000
      -1.1269988719416162       0.0000000000000000       0.0000000000000000      90.1599097553292381       0.0000000000000000       0.0000000000000000
      -1.1279988547536210       0.0000000000000000       0.0000000000000000      90.2399083802896200       0.0000000000000000       0.0000000000000000
      -1.1289988374458380       0.0000000000000000       0.0000000000000000      90.3199069956669689       0.0000000000000000       0.0000000000000000
      -1.1299988200184792       0.0000000000000000       0.0000000000000000      90.3999056014782525       0.0000000000000000       0.0000000000000000
      -1.1309988024717561       0.0000000000000000       0.0000000000000000      90.4799041977404102       0.0000000000000000       0.0000000000000000
      -1.1319987848058797       0.0000000000000000       0.0000000000000000      90.5599027844702960       0.0000000000000000       0.0000000000000000
      -1.1329987670210604       0.0000000000000000       0.0000000000000000      90.6399013616847640       0.0000000000000000       0.0000000000000000
      -1.1339987491175083       0.0000000000000000       0.0000000000000000      90.7198999294005972       0.0000000000000000       0.0000000000000000
      -1.1349987310954326       0.0000000000000000       0.0000000000000000      90.7998984876345361       0.0000000000000000       0.0000000000000000
      -1.1359987129550420       0.0000000000000000       0.0000000000000000      90.8798970364032783       0.0000000000000000       0.0000000000000000
      -1.1369986946965447       0.0000000000000000       0.0000000000000000      90.9598955757234933       0.0000000000000000       0.0000000000000000
      -1.1379986763201482       0.0000000000000000       0.0000000000000000      91.0398941056117792       0.0000000000000000       0.0000000000000000
      -1.1389986578260598       0.0000000000000000       0.0000000000000000      91.1198926260847060       0.0000000000000000       0.0000000000000000
      -1.1399986392144861       0.0000000000000000       0.0000000000000000      91.1998911371588150       0.0000000000000000       0.0000000000000000
      -1.1409986204856331       0.0000000000000000       0.0000000000000000      91.2798896388505767       0.0000000000000000       0.0000000000000000
      -1.1419986016397061       0.0000000000000000       0.0000000000000000      91.3598881311764188       0.0000000000000000       0.0000000000000000
      -1.1429985826769102       0.0000000000000000       0.0000000000000000      91.4398866141527549       0.0000000000000000       0.0000000000000000
      -1.1439985635974499       0.0000000000000000       0.0000000000000000      91.5198850877959273       0.0000000000000000       0.0000000000000000
      -1.1449985444015289       0.0000000000000000       0.0000000000000000      91.5998835521222503       0.0000000000000000       0.0000000000000000
      -1.1459985250893507       0.0000000000000000       0.0000000000000000      91.6798820071479810       0.0000000000000000       0.0000000000000000
      -1.1469985056611178       0.0000000000000000       0.0000000000000000      91.7598804528893623       0.0000000000000000       0.0000000000000000
      -1.1479984861170327       0.0000000000000000       0.0000000000000000      91.8398788893625522       0.0000000000000000       0.0000000000000000
      -1.1489984664572972       0.0000000000000000       0.0000000000000000      91.9198773165837082       0.0000000000000000       0.0000000000000000
      -1.1499984466821123       0.0000000000000000       0.0000000000000000      91.9998757345689171       0.0000000000000000       0.0000000000000000
      -1.1509984267916789       0.0000000000000000       0.0000000000000000      92.0798741433342371       0.0000000000000000       0.0000000000000000
      -1.1519984067861970       0.0000000000000000       0.0000000000000000      92.1598725428956840       0.0000000000000000       0.0000000000000000
      -1.1529983866658664       0.0000000000000000       0.0000000000000000      92.2398709332692306       0.0000000000000000       0.0000000000000000
      -1.1539983664308862       0.0000000000000000       0.0000000000000000      92.3198693144708074       0.0000000000000000       0.0000000000000000
      -1.1549983460814548       0.0000000000000000       0.0000000000000000      92.3998676865163020       0.0000000000000000       0.0000000000000000
      -1.1559983256177704       0.0000000000000000       0.0000000000000000      92.4798660494215596       0.0000000000000000       0.0000000000000000
      -1.1569983050400308       0.0000000000000000       0.0000000000000000      92.5598644032023827       0.0000000000000000       0.0000000000000000
      -1.1579982843484327       0.0000000000000000       0.0000000000000000      92.6398627478745453       0.0000000000000000       0.0000000000000000
      -1.1589982635431728       0.0000000000000000       0.0000000000000000      92.7198610834537646       0.0000000000000000       0.0000000000000000
      -1.1599982426244473       0.0000000000000000       0.0000000000000000      92.7998594099557295       0.0000000000000000       0.0000000000000000
      -1.1609982215924517       0.0000000000000000       0.0000000000000000      92.8798577273960859       0.0000000000000000       0.0000000000000000
      -1.1619982004473810       0.0000000000000000       0.0000000000000000      92.9598560357904233       0.0000000000000000       0.0000000000000000
      -1.1629981791894297       0.0000000000000000       0.0000000000000000      93.0398543351543168       0.0000000000000000       0.0000000000000000
      -1.1639981578187919       0.0000000000000000       0.0000000000000000      93.1198526255032846       0.0000000000000000       0.0000000000000000
      -1.1649981363356610       0.0000000000000000       0.0000000000000000      93.1998509068528165       0.0000000000000000       0.0000000000000000
      -1.1659981147402301       0.0000000000000000       0.0000000000000000      93.2798491792183455       0.0000000000000000       0.0000000000000000
      -1.1669980930326918       0.0000000000000000       0.0000000000000000      93.3598474426152762       0.0000000000000000       0.0000000000000000
      -1.1679980712132381       0.0000000000000000       0.0000000000000000      93.4398456970589706       0.0000000000000000       0.0000000000000000
      -1.1689980492820604       0.0000000000000000       0.0000000000000000      93.5198439425647621       0.0000000000000000       0.0000000000000000
      -1.1699980272393500       0.0000000000000000       0.0000000000000000      93.5998421791479274       0.0000000000000000       0.0000000000000000
      -1.1709980050852973       0.0000000000000000       0.0000000000000000      93.6798404068237147       0.0000000000000000       0.0000000000000000
      -1.1719979828200926       0.0000000000000000       0.0000000000000000      93.7598386256073297       0.0000000000000000       0.0000000000000000
      -1.1729979604439253       0.0000000000000000       0.0000000000000000      93.8398368355139496       0.0000000000000000       0.0000000000000000
      -1.1739979379569845       0.0000000000000000       0.0000000000000000      93.9198350365586947       0.0000000000000000       0.0000000000000000
      -1.1749979153594590       0.0000000000000000       0.0000000000000000      93.9998332287566427       0.0000000000000000       0.0000000000000000
      -1.1759978926515366       0.0000000000000000       0.0000000000000000      94.0798314121228572       0.0000000000000000       0.0000000000000000
      -1.1769978698334054       0.0000000000000000       0.0000000000000000      94.1598295866723589       0.0000000000000000       0.0000000000000000
      -1.1779978469052523       0.0000000000000000       0.0000000000000000      94.2398277524201120       0.0000000000000000       0.0000000000000000
      -1.1789978238672643       0.0000000000000000       0.0000000000000000      94.3198259093810520       0.0000000000000000       0.0000000000000000
      -1.1799978007196272       0.0000000000000000       0.0000000000000000      94.3998240575700862       0.0000000000000000       0.0000000000000000
      -1.1809977774625271       0.0000000000000000       0.0000000000000000      94.4798221970020791       0.0000000000000000       0.0000000000000000
      -1.1819977540961490       0.0000000000000000       0.0000000000000000      94.5598203276918383       0.0000000000000000       0.0000000000000000
      -1.1829977306206780       0.0000000000000000       0.0000000000000000      94.6398184496541575       0.0000000000000000       0.0000000000000000
      -1.1839977070362984       0.0000000000000000       0.0000000000000000      94.7198165629037874       0.0000000000000000       0.0000000000000000
      -1.1849976833431941       0.0000000000000000       0.0000000000000000      94.7998146674554363       0.0000000000000000       0.0000000000000000
      -1.1859976595415485       0.0000000000000000       0.0000000000000000      94.8798127633237840       0.0000000000000000       0.0000000000000000
      -1.1869976356315444       0.0000000000000000       0.0000000000000000      94.9598108505234535       0.0000000000000000       0.0000000000000000
      -1.1879976116133644       0.0000000000000000       0.0000000000000000      95.0398089290690535       0.0000000000000000       0.0000000000000000
      -1.1889975874871905       0.0000000000000000       0.0000000000000000      95.1198069989751502       0.0000000000000000       0.0000000000000000
      -1.1899975632532045       0.0000000000000000       0.0000000000000000      95.1998050602562671       0.0000000000000000       0.0000000000000000
      -1.1909975389115872       0.0000000000000000       0.0000000000000000      95.2798031129268850       0.0000000000000000       0.0000000000000000
      -1.1919975144625194       0.0000000000000000       0.0000000000000000      95.3598011570014705       0.0000000000000000       0.0000000000000000
      -1.1929974899061815       0.0000000000000000       0.0000000000000000      95.4397991924944336       0.0000000000000000       0.0000000000000000
      -1.1939974652427530       0.0000000000000000       0.0000000000000000      95.5197972194201554       0.0000000000000000       0.0000000000000000
      -1.1949974404724133       0.0000000000000000       0.0000000000000000      95.5997952377929749       0.0000000000000000       0.0000000000000000
      -1.1959974155953412       0.0000000000000000       0.0000000000000000      95.6797932476272024       0.0000000000000000       0.0000000000000000
      -1.1969973906117151       0.0000000000000000       0.0000000000000000      95.7597912489371055       0.0000000000000000       0.0000000000000000
      -1.1979973655217129       0.0000000000000000       0.0000000000000000      95.8397892417369377       0.0000000000000000       0.0000000000000000
      -1.1989973403255123       0.0000000000000000       0.0000000000000000      95.9197872260408815       0.0000000000000000       0.0000000000000000
      -1.1999973150232901       0.0000000000000000       0.0000000000000000      95.9997852018631193       0.0000000000000000       0.0000000000000000
      -1.2009972896152232       0.0000000000000000       0.0000000000000000      96.0797831692177624       0.0000000000000000       0.0000000000000000
      -1.2019972641014876       0.0000000000000000       0.0000000000000000      96.1597811281189223       0.0000000000000000       0.0000000000000000
      -1.2029972384822591       0.0000000000000000       0.0000000000000000      96.2397790785806393       0.0000000000000000       0.0000000000000000
      -1.2039972127577132       0.0000000000000000       0.0000000000000000      96.3197770206169537       0.0000000000000000       0.0000000000000000
      -1.2049971869280245       0.0000000000000000       0.0000000000000000      96.3997749542418489       0.0000000000000000       0.0000000000000000
      -1.2059971609933675       0.0000000000000000       0.0000000000000000      96.4797728794692802       0.0000000000000000       0.0000000000000000
      -1.2069971349539161       0.0000000000000000       0.0000000000000000      96.5597707963131739       0.0000000000000000       0.0000000000000000
      -1.2079971088098440       0.0000000000000000       0.0000000000000000      96.6397687047874143       0.0000000000000000       0.0000000000000000
      -1.2089970825613243       0.0000000000000000       0.0000000000000000      96.7197666049058427       0.0000000000000000       0.0000000000000000
      -1.2099970562085298       0.0000000000000000       0.0000000000000000      96.7997644966822861       0.0000000000000000       0.0000000000000000
      -1.2109970297516328       0.0000000000000000       0.0000000000000000      96.8797623801305150       0.0000000000000000       0.0000000000000000
      -1.2119970031908049       0.0000000000000000       0.0000000000000000      96.9597602552642854       0.0000000000000000       0.0000000000000000
      -1.2129969765262179       0.0000000000000000       0.0000000000000000      97.0397581220973109       0.0000000000000000       0.0000000000000000
      -1.2139969497580425       0.0000000000000000       0.0000000000000000      97.1197559806432764       0.0000000000000000       0.0000000000000000
      -1.2149969228864494       0.0000000000000000       0.0000000000000000      97.1997538309158244       0.0000000000000000       0.0000000000000000
      -1.2159968959116088       0.0000000000000000       0.0000000000000000      97.2797516729285690       0.0000000000000000       0.0000000000000000
      -1.2169968688336903       0.0000000000000000       0.0000000000000000      97.3597495066950813       0.0000000000000000       0.0000000000000000
      -1.2179968416528633       0.0000000000000000       0.0000000000000000      97.4397473322289187       0.0000000000000000       0.0000000000000000
      -1.2189968143692966       0.0000000000000000       0.0000000000000000      97.5197451495435956       0.0000000000000000       0.0000000000000000
      -1.2199967869831589       0.0000000000000000       0.0000000000000000      97.5997429586525840       0.0000000000000000       0.0000000000000000
      -1.2209967594946183       0.0000000000000000       0.0000000000000000      97.6797407595693272       0.0000000000000000       0.0000000000000000
      -1.2219967319038423       0.0000000000000000       0.0000000000000000      97.7597385523072404       0.0000000000000000       0.0000000000000000
      -1.2229967042109982       0.0000000000000000       0.0000000000000000      97.8397363368797102       0.0000000000000000       0.0000000000000000
      -1.2239966764162526       0.0000000000000000       0.0000000000000000      97.9197341133000805       0.0000000000000000       0.0000000000000000
      -1.2249966485197723       0.0000000000000000       0.0000000000000000      97.9997318815816527       0.0000000000000000       0.0000000000000000
      -1.2259966205217232       0.0000000000000000       0.0000000000000000      98.0797296417377282       0.0000000000000000       0.0000000000000000
      -1.2269965924222710       0.0000000000000000       0.0000000000000000      98.1597273937815515       0.0000000000000000       0.0000000000000000
      -1.2279965642215807       0.0000000000000000       0.0000000000000000      98.2397251377263387       0.0000000000000000       0.0000000000000000
      -1.2289965359198172       0.0000000000000000       0.0000000000000000      98.3197228735852633       0.0000000000000000       0.0000000000000000
      -1.2299965075171451       0.0000000000000000       0.0000000000000000      98.3997206013714845       0.0000000000000000       0.0000000000000000
      -1.2309964790137282       0.0000000000000000       0.0000000000000000      98.4797183210981331       0.0000000000000000       0.0000000000000000
      -1.2319964504097303       0.0000000000000000       0.0000000000000000      98.5597160327782973       0.0000000000000000       0.0000000000000000
      -1.2329964217053144       0.0000000000000000       0.0000000000000000      98.6397137364250227       0.0000000000000000       0.0000000000000000
      -1.2339963929006434       0.0000000000000000       0.0000000000000000      98.7197114320513407       0.0000000000000000       0.0000000000000000
      -1.2349963639958796       0.0000000000000000       0.0000000000000000      98.7997091196702399       0.0000000000000000       0.0000000000000000
      -1.2359963349911853       0.0000000000000000       0.0000000000000000      98.8797067992946808       0.0000000000000000       0.0000000000000000
      -1.2369963058867219       0.0000000000000000       0.0000000000000000      98.9597044709376092       0.0000000000000000       0.0000000000000000
      -1.2379962766826507       0.0000000000000000       0.0000000000000000      99.0397021346119146       0.0000000000000000       0.0000000000000000
      -1.2389962473791325       0.0000000000000000       0.0000000000000000      99.1196997903304577       0.0000000000000000       0.0000000000000000
      -1.2399962179763278       0.0000000000000000       0.0000000000000000      99.1996974381060852       0.0000000000000000       0.0000000000000000
      -1.2409961884743967       0.0000000000000000       0.0000000000000000      99.2796950779516010       0.0000000000000000       0.0000000000000000
      -1.2419961588734989       0.0000000000000000       0.0000000000000000      99.3596927098797664       0.0000000000000000       0.0000000000000000
      -1.2429961291737937       0.0000000000000000       0.0000000000000000      99.4396903339033429       0.0000000000000000       0.0000000000000000
      -1.2439960993754398       0.0000000000000000       0.0000000000000000      99.5196879500350349       0.0000000000000000       0.0000000000000000
      -1.2449960694785960       0.0000000000000000       0.0000000000000000      99.5996855582875327       0.0000000000000000       0.0000000000000000
      -1.2459960394834204       0.0000000000000000       0.0000000000000000      99.6796831586734839       0.0000000000000000       0.0000000000000000
      -1.2469960093900707       0.0000000000000000       0.0000000000000000      99.7596807512055079       0.0000000000000000       0.0000000000000000
      -1.2479959791987043       0.0000000000000000       0.0000000000000000      99.8396783358961954       0.0000000000000000       0.0000000000000000
      -1.2489959489094782       0.0000000000000000       0.0000000000000000      99.9196759127581089       0.0000000000000000       0.0000000000000000
      -1.2499959185225491       0.0000000000000000       0.0000000000000000      99.9996734818037822       0.0000000000000000       0.0000000000000000
      -1.2509958880380732       0.0000000000000000       0.0000000000000000     100.0796710430457068       0.0000000000000000       0.0000000000000000
      -1.2519958574562065       0.0000000000000000       0.0000000000000000     100.1596685964963598       0.0000000000000000       0.0000000000000000
      -1.2529958267771042       0.0000000000000000       0.0000000000000000     100.2396661421681898       0.0000000000000000       0.0000000000000000
      -1.2539957960009218       0.0000000000000000       0.0000000000000000     100.3196636800735888       0.0000000000000000       0.0000000000000000
      -1.2549957651278139       0.0000000000000000       0.0000000000000000     100.3996612102249486       0.0000000000000000       0.0000000000000000
      -1.2559957341579349       0.0000000000000000       0.0000000000000000     100.4796587326346327       0.0000000000000000       0.0000000000000000
      -1.2569957030914387       0.0000000000000000       0.0000000000000000     100.5596562473149476       0.0000000000000000       0.0000000000000000
      -1.2579956719284793       0.0000000000000000       0.0000000000000000     100.6396537542781857       0.0000000000000000       0.0000000000000000
      -1.2589956406692098       0.0000000000000000       0.0000000000000000     100.7196512535366253       0.0000000000000000       0.0000000000000000
      -1.2599956093137830       0.0000000000000000       0.0000000000000000     100.7996487451024876       0.0000000000000000       0.0000000000000000
      -1.2609955778623516       0.0000000000000000       0.0000000000000000     100.8796462289879798       0.0000000000000000       0.0000000000000000
      -1.2619955463150678       0.0000000000000000       0.0000000000000000     100.9596437052052806       0.0000000000000000       0.0000000000000000
      -1.2629955146720835       0.0000000000000000       0.0000000000000000     101.0396411737665403       0.0000000000000000       0.0000000000000000
      -1.2639954829335500       0.0000000000000000       0.0000000000000000     101.1196386346838665       0.0000000000000000       0.0000000000000000
      -1.2649954510996186       0.0000000000000000       0.0000000000000000     101.1996360879693526       0.0000000000000000       0.0000000000000000
      -1.2659954191704401       0.0000000000000000       0.0000000000000000     101.2796335336350637       0.0000000000000000       0.0000000000000000
      -1.2669953871461648       0.0000000000000000       0.0000000000000000     101.3596309716930364       0.0000000000000000       0.0000000000000000
      -1.2679953550269427       0.0000000000000000       0.0000000000000000     101.4396284021552646       0.0000000000000000       0.0000000000000000
      -1.2689953228129236       0.0000000000000000       0.0000000000000000     101.5196258250337280       0.0000000000000000       0.0000000000000000
      -1.2699952905042566       0.0000000000000000       0.0000000000000000     101.5996232403403781       0.0000000000000000       0.0000000000000000
      -1.2709952581010910       0.0000000000000000       0.0000000000000000     101.6796206480871376       0.0000000000000000       0.0000000000000000
      -1.2719952256035754       0.0000000000000000       0.0000000000000000     101.7596180482858870       0.0000000000000000       0.0000000000000000
      -1.2729951930118579       0.0000000000000000       0.0000000000000000     101.8396154409484922       0.0000000000000000       0.0000000000000000
      -1.2739951603260866       0.0000000000000000       0.0000000000000000     101.9196128260867908       0.0000000000000000       0.0000000000000000
      -1.2749951275464091       0.0000000000000000       0.0000000000000000     101.9996102037125780       0.0000000000000000       0.0000000000000000
      -1.2759950946729726       0.0000000000000000       0.0000000000000000     102.0796075738376487       0.0000000000000000       0.0000000000000000
      -1.2769950617059238       0.0000000000000000       0.0000000000000000     102.1596049364737553       0.0000000000000000       0.0000000000000000
      -1.2779950286454096       0.0000000000000000       0.0000000000000000     102.2396022916326075       0.0000000000000000       0.0000000000000000
      -1.2789949954915758       0.0000000000000000       0.0000000000000000     102.3195996393259151       0.0000000000000000       0.0000000000000000
      -1.2799949622445685       0.0000000000000000       0.0000000000000000     102.3995969795653451       0.0000000000000000       0.0000000000000000
      -1.2809949289045333       0.0000000000000000       0.0000000000000000     102.4795943123625364       0.0000000000000000       0.0000000000000000
      -1.2819948954716154       0.0000000000000000       0.0000000000000000     102.5595916377290990       0.0000000000000000       0.0000000000000000
      -1.2829948619459595       0.0000000000000000       0.0000000000000000     102.6395889556766292       0.0000000000000000       0.0000000000000000
      -1.2839948283277101       0.0000000000000000       0.0000000000000000     102.7195862662166803       0.0000000000000000       0.0000000000000000
      -1.2849947946170113       0.0000000000000000       0.0000000000000000     102.7995835693607773       0.0000000000000000       0.0000000000000000
      -1.2859947608140072       0.0000000000000000       0.0000000000000000     102.8795808651204453       0.0000000000000000       0.0000000000000000
      -1.2869947269188411       0.0000000000000000       0.0000000000000000     102.9595781535071524       0.0000000000000000       0.0000000000000000
      -1.2879946929316561       0.0000000000000000       0.0000000000000000     103.0395754345323525       0.0000000000000000       0.0000000000000000
      -1.2889946588525951       0.0000000000000000       0.0000000000000000     103.1195727082074853       0.0000000000000000       0.0000000000000000
      -1.2899946246818008       0.0000000000000000       0.0000000000000000     103.1995699745439339       0.0000000000000000       0.0000000000000000
      -1.2909945904194151       0.0000000000000000       0.0000000000000000     103.2795672335530810       0.0000000000000000       0.0000000000000000
      -1.2919945560655799       0.0000000000000000       0.0000000000000000     103.3595644852462669       0.0000000000000000       0.0000000000000000
      -1.2929945216204366       0.0000000000000000       0.0000000000000000     103.4395617296348178       0.0000000000000000       0.0000000000000000
      -1.2939944870841267       0.0000000000000000       0.0000000000000000     103.5195589667300169       0.0000000000000000       0.0000000000000000
      -1.2949944524567907       0.0000000000000000       0.0000000000000000     103.5995561965431335       0.0000000000000000       0.0000000000000000
      -1.2959944177385692       0.0000000000000000       0.0000000000000000     103.6795534190854227       0.0000000000000000       0.0000000000000000
      -1.2969943829296025       0.0000000000000000       0.0000000000000000     103.7595506343680967       0.0000000000000000       0.0000000000000000
      -1.2979943480300304       0.0000000000000000       0.0000000000000000     103.8395478424023395       0.0000000000000000       0.0000000000000000
      -1.2989943130399926       0.0000000000000000       0.0000000000000000     103.9195450431993066       0.0000000000000000       0.0000000000000000
      -1.2999942779596281       0.0000000000000000       0.0000000000000000     103.9995422367701536       0.0000000000000000       0.0000000000000000
      -1.3009942427890759       0.0000000000000000       0.0000000000000000     104.0795394231259792       0.0000000000000000       0.0000000000000000
      -1.3019942075284747       0.0000000000000000       0.0000000000000000     104.1595366022778819       0.0000000000000000       0.0000000000000000
      -1.3029941721779628       0.0000000000000000       0.0000000000000000     104.2395337742369179       0.0000000000000000       0.0000000000000000
      -1.3039941367376777       0.0000000000000000       0.0000000000000000     104.3195309390141148       0.0000000000000000       0.0000000000000000
      -1.3049941012077575       0.0000000000000000       0.0000000000000000     104.3995280966205002       0.0000000000000000       0.0000000000000000
      -1.3059940655883393       0.0000000000000000       0.0000000000000000     104.4795252470670448       0.0000000000000000       0.0000000000000000
      -1.3069940298795601       0.0000000000000000       0.0000000000000000     104.5595223903647195       0.0000000000000000       0.0000000000000000
      -1.3079939940815568       0.0000000000000000       0.0000000000000000     104.6395195265244524       0.0000000000000000       0.0000000000000000
      -1.3089939581944656       0.0000000000000000       0.0000000000000000     104.7195166555571575       0.0000000000000000       0.0000000000000000
      -1.3099939222184225       0.0000000000000000       0.0000000000000000     104.7995137774737202       0.0000000000000000       0.0000000000000000
      -1.3109938861535633       0.0000000000000000       0.0000000000000000     104.8795108922849977       0.0000000000000000       0.0000000000000000
      -1.3119938500000234       0.0000000000000000       0.0000000000000000     104.9595080000018186       0.0000000000000000       0.0000000000000000
      -1.3129938137579382       0.0000000000000000       0.0000000000000000     105.0395051006349973       0.0000000000000000       0.0000000000000000
      -1.3139937774274422       0.0000000000000000       0.0000000000000000     105.1195021941953200       0.0000000000000000       0.0000000000000000
      -1.3149937410086701       0.0000000000000000       0.0000000000000000     105.1994992806935443       0.0000000000000000       0.0000000000000000
      -1.3159937045017560       0.0000000000000000       0.0000000000000000     105.2794963601404135       0.0000000000000000       0.0000000000000000
      -1.3169936679068339       0.0000000000000000       0.0000000000000000     105.3594934325466426       0.0000000000000000       0.0000000000000000
      -1.3179936312240372       0.0000000000000000       0.0000000000000000     105.4394904979229182       0.0000000000000000       0.0000000000000000
      -1.3189935944534994       0.0000000000000000       0.0000000000000000     105.5194875562798984       0.0000000000000000       0.0000000000000000
      -1.3199935575953534       0.0000000000000000       0.0000000000000000     105.5994846076282130       0.0000000000000000       0.0000000000000000
      -1.3209935206497319       0.0000000000000000       0.0000000000000000     105.6794816519784916       0.0000000000000000       0.0000000000000000
      -1.3219934836167673       0.0000000000000000       0.0000000000000000     105.7594786893413215       0.0000000000000000       0.0000000000000000
      -1.3229934464965916       0.0000000000000000       0.0000000000000000     105.8394757197272611       0.0000000000000000       0.0000000000000000
      -1.3239934092893366       0.0000000000000000       0.0000000000000000     105.9194727431468692       0.0000000000000000       0.0000000000000000
      -1.3249933719951339       0.0000000000000000       0.0000000000000000     105.9994697596106477       0.0000000000000000       0.0000000000000000
      -1.3259933346141146       0.0000000000000000       0.0000000000000000     106.0794667691290982       0.0000000000000000       0.0000000000000000
      -1.3269932971464096       0.0000000000000000       0.0000000000000000     106.1594637717126943       0.0000000000000000       0.0000000000000000
      -1.3279932595921493       0.0000000000000000       0.0000000000000000     106.2394607673718809       0.0000000000000000       0.0000000000000000
      -1.3289932219514644       0.0000000000000000       0.0000000000000000     106.3194577561170888       0.0000000000000000       0.0000000000000000
      -1.3299931842244848       0.0000000000000000       0.0000000000000000     106.3994547379587061       0.0000000000000000       0.0000000000000000
      -1.3309931464113400       0.0000000000000000       0.0000000000000000     106.4794517129071210       0.0000000000000000       0.0000000000000000
      -1.3319931085121595       0.0000000000000000       0.0000000000000000     106.5594486809726789       0.0000000000000000       0.0000000000000000
      -1.3329930705270725       0.0000000000000000       0.0000000000000000     106.6394456421657253       0.0000000000000000       0.0000000000000000
      -1.3339930324562077       0.0000000000000000       0.0000000000000000     106.7194425964965490       0.0000000000000000       0.0000000000000000
      -1.3349929942996939       0.0000000000000000       0.0000000000000000     106.7994395439754385       0.0000000000000000       0.0000000000000000
      -1.3359929560576591       0.0000000000000000       0.0000000000000000     106.8794364846126683       0.0000000000000000       0.0000000000000000
      -1.3369929177302315       0.0000000000000000       0.0000000000000000     106.9594334184184561       0.0000000000000000       0.0000000000000000
      -1.3379928793175386       0.0000000000000000       0.0000000000000000     107.0394303454030336       0.0000000000000000       0.0000000000000000
      -1.3389928408197080       0.0000000000000000       0.0000000000000000     107.1194272655765758       0.0000000000000000       0.0000000000000000
      -1.3399928022368668       0.0000000000000000       0.0000000000000000     107.1994241789492719       0.0000000000000000       0.0000000000000000
      -1.3409927635691417       0.0000000000000000       0.0000000000000000     107.2794210855312542       0.0000000000000000       0.0000000000000000
      -1.3419927248166590       0.0000000000000000       0.0000000000000000     107.3594179853326551       0.0000000000000000       0.0000000000000000
      -1.3429926859795454       0.0000000000000000       0.0000000000000000     107.4394148783635643       0.0000000000000000       0.0000000000000000
      -1.3439926470579266       0.0000000000000000       0.0000000000000000     107.5194117646340715       0.0000000000000000       0.0000000000000000
      -1.3449926080519286       0.0000000000000000       0.0000000000000000     107.5994086441542237       0.0000000000000000       0.0000000000000000
      -1.3459925689616765       0.0000000000000000       0.0000000000000000     107.6794055169340538       0.0000000000000000       0.0000000000000000
      -1.3469925297872956       0.0000000000000000       0.0000000000000000     107.7594023829835805       0.0000000000000000       0.0000000000000000
      -1.3479924905289107       0.0000000000000000       0.0000000000000000     107.8393992423127941       0.0000000000000000       0.0000000000000000
      -1.3489924511866465       0.0000000000000000       0.0000000000000000     107.9193960949316562       0.0000000000000000       0.0000000000000000
      -1.3499924117606272       0.0000000000000000       0.0000000000000000     107.9993929408501145       0.0000000000000000       0.0000000000000000
      -1.3509923722509769       0.0000000000000000       0.0000000000000000     108.0793897800780883       0.0000000000000000       0.0000000000000000
      -1.3519923326578194       0.0000000000000000       0.0000000000000000     108.1593866126254824       0.0000000000000000       0.0000000000000000
      -1.3529922929812781       0.0000000000000000       0.0000000000000000     108.2393834385021734       0.0000000000000000       0.0000000000000000
      -1.3539922532214761       0.0000000000000000       0.0000000000000000     108.3193802577180094       0.0000000000000000       0.0000000000000000
      -1.3549922133785364       0.0000000000000000       0.0000000000000000     108.3993770702828385       0.0000000000000000       0.0000000000000000
      -1.3559921734525817       0.0000000000000000       0.0000000000000000     108.4793738762064663       0.0000000000000000       0.0000000000000000
      -1.3569921334437345       0.0000000000000000       0.0000000000000000     108.5593706754986840       0.0000000000000000       0.0000000000000000
      -1.3579920933521168       0.0000000000000000       0.0000000000000000     108.6393674681692687       0.0000000000000000       0.0000000000000000
      -1.3589920531778505       0.0000000000000000       0.0000000000000000     108.7193642542279690       0.0000000000000000       0.0000000000000000
      -1.3599920129210572       0.0000000000000000       0.0000000000000000     108.7993610336845052       0.0000000000000000       0.0000000000000000
      -1.3609919725818582       0.0000000000000000       0.0000000000000000     108.8793578065485832       0.0000000000000000       0.0000000000000000
      -1.3619919321603744       0.0000000000000000       0.0000000000000000     108.9593545728298807       0.0000000000000000       0.0000000000000000
      -1.3629918916567267       0.0000000000000000       0.0000000000000000     109.0393513325380610       0.0000000000000000       0.0000000000000000
      -1.3639918510710356       0.0000000000000000       0.0000000000000000     109.1193480856827733       0.0000000000000000       0.0000000000000000
      -1.3649918104034213       0.0000000000000000       0.0000000000000000     109.1993448322736384       0.0000000000000000       0.0000000000000000
      -1.3659917696540040       0.0000000000000000       0.0000000000000000     109.2793415723202486       0.0000000000000000       0.0000000000000000
      -1.3669917288229032       0.0000000000000000       0.0000000000000000     109.3593383058321820       0.0000000000000000       0.0000000000000000
      -1.3679916879102385       0.0000000000000000       0.0000000000000000     109.4393350328190024       0.0000000000000000       0.0000000000000000
      -1.3689916469161290       0.0000000000000000       0.0000000000000000     109.5193317532902455       0.0000000000000000       0.0000000000000000
      -1.3699916058406936       0.0000000000000000       0.0000000000000000     109.5993284672554182       0.0000000000000000       0.0000000000000000
      -1.3709915646840511       0.0000000000000000       0.0000000000000000     109.6793251747240134       0.0000000000000000       0.0000000000000000
      -1.3719915234463198       0.0000000000000000       0.0000000000000000     109.7593218757055098       0.0000000000000000       0.0000000000000000
      -1.3729914821276179       0.0000000000000000       0.0000000000000000     109.8393185702093575       0.0000000000000000       0.0000000000000000
      -1.3739914407280633       0.0000000000000000       0.0000000000000000     109.9193152582449926       0.0000000000000000       0.0000000000000000
      -1.3749913992477738       0.0000000000000000       0.0000000000000000     109.9993119398218226       0.0000000000000000       0.0000000000000000
      -1.3759913576868665       0.0000000000000000       0.0000000000000000     110.0793086149492410       0.0000000000000000       0.0000000000000000
      -1.3769913160454588       0.0000000000000000       0.0000000000000000     110.1593052836366269       0.0000000000000000       0.0000000000000000
      -1.3779912743236673       0.0000000000000000       0.0000000000000000     110.2393019458933168       0.0000000000000000       0.0000000000000000
      -1.3789912325216089       0.0000000000000000       0.0000000000000000     110.3192986017286472       0.0000000000000000       0.0000000000000000
      -1.3799911906393998       0.0000000000000000       0.0000000000000000     110.3992952511519263       0.0000000000000000       0.0000000000000000
      -1.3809911486771562       0.0000000000000000       0.0000000000000000     110.4792918941724338       0.0000000000000000       0.0000000000000000
      -1.3819911066349939       0.0000000000000000       0.0000000000000000     110.5592885307994493       0.0000000000000000       0.0000000000000000
      -1.3829910645130286       0.0000000000000000       0.0000000000000000     110.6392851610422241       0.0000000000000000       0.0000000000000000
      -1.3839910223113754       0.0000000000000000       0.0000000000000000     110.7192817849099811       0.0000000000000000       0.0000000000000000
      -1.3849909800301496       0.0000000000000000       0.0000000000000000     110.7992784024119288       0.0000000000000000       0.0000000000000000
      -1.3859909376694661       0.0000000000000000       0.0000000000000000     110.8792750135572618       0.0000000000000000       0.0000000000000000
      -1.3869908952294396       0.0000000000000000       0.0000000000000000     110.9592716183551317       0.0000000000000000       0.0000000000000000
      -1.3879908527101843       0.0000000000000000       0.0000000000000000     111.0392682168147047       0.0000000000000000       0.0000000000000000
      -1.3889908101118142       0.0000000000000000       0.0000000000000000     111.1192648089451041       0.0000000000000000       0.0000000000000000
      -1.3899907674344434       0.0000000000000000       0.0000000000000000     111.1992613947554389       0.0000000000000000       0.0000000000000000
      -1.3909907246781854       0.0000000000000000       0.0000000000000000     111.2792579742548043       0.0000000000000000       0.0000000000000000
      -1.3919906818431538       0.0000000000000000       0.0000000000000000     111.3592545474522666       0.0000000000000000       0.0000000000000000
      -1.3929906389294615       0.0000000000000000       0.0000000000000000     111.4392511143568782       0.0000000000000000       0.0000000000000000
      -1.3939905959372214       0.0000000000000000       0.0000000000000000     111.5192476749776773       0.0000000000000000       0.0000000000000000
      -1.3949905528665463       0.0000000000000000       0.0000000000000000     111.5992442293236593       0.0000000000000000       0.0000000000000000
      -1.3959905097175485       0.0000000000000000       0.0000000000000000     111.6792407774038338       0.0000000000000000       0.0000000000000000
      -1.3969904664903401       0.0000000000000000       0.0000000000000000     111.7592373192271680       0.0000000000000000       0.0000000000000000
      -1.3979904231850331       0.0000000000000000       0.0000000000000000     111.8392338548026146       0.0000000000000000       0.0000000000000000
      -1.3989903798017391       0.0000000000000000       0.0000000000000000     111.9192303841390981       0.0000000000000000       0.0000000000000000
      -1.3999903363405697       0.0000000000000000       0.0000000000000000     111.9992269072455571       0.0000000000000000       0.0000000000000000
      -1.4009902928016360       0.0000000000000000       0.0000000000000000     112.0792234241308734       0.0000000000000000       0.0000000000000000
      -1.4019902491850491       0.0000000000000000       0.0000000000000000     112.1592199348039287       0.0000000000000000       0.0000000000000000
      -1.4029902054909196       0.0000000000000000       0.0000000000000000     112.2392164392735765       0.0000000000000000       0.0000000000000000
      -1.4039901617193580       0.0000000000000000       0.0000000000000000     112.3192129375486559       0.0000000000000000       0.0000000000000000
      -1.4049901178704747       0.0000000000000000       0.0000000000000000     112.3992094296379918       0.0000000000000000       0.0000000000000000
      -1.4059900739443796       0.0000000000000000       0.0000000000000000     112.4792059155503807       0.0000000000000000       0.0000000000000000
      -1.4069900299411824       0.0000000000000000       0.0000000000000000     112.5592023952946192       0.0000000000000000       0.0000000000000000
      -1.4079899858609928       0.0000000000000000       0.0000000000000000     112.6391988688794612       0.0000000000000000       0.0000000000000000
      -1.4089899417039202       0.0000000000000000       0.0000000000000000     112.7191953363136463       0.0000000000000000       0.0000000000000000
      -1.4099898974700735       0.0000000000000000       0.0000000000000000     112.7991917976059142       0.0000000000000000       0.0000000000000000
      -1.4109898531595617       0.0000000000000000       0.0000000000000000     112.8791882527649619       0.0000000000000000       0.0000000000000000
      -1.4119898087724934       0.0000000000000000       0.0000000000000000     112.9591847017994866       0.0000000000000000       0.0000000000000000
      -1.4129897643089768       0.0000000000000000       0.0000000000000000     113.0391811447181567       0.0000000000000000       0.0000000000000000
      -1.4139897197691202       0.0000000000000000       0.0000000000000000     113.1191775815296410       0.0000000000000000       0.0000000000000000
      -1.4149896751530318       0.0000000000000000       0.0000000000000000     113.1991740122425512       0.0000000000000000       0.0000000000000000
      -1.4159896304608188       0.0000000000000000       0.0000000000000000     113.2791704368655132       0.0000000000000000       0.0000000000000000
      -1.4169895856925889       0.0000000000000000       0.0000000000000000     113.3591668554071248       0.0000000000000000       0.0000000000000000
      -1.4179895408484495       0.0000000000000000       0.0000000000000000     113.4391632678759692       0.0000000000000000       0.0000000000000000
      -1.4189894959285074       0.0000000000000000       0.0000000000000000     113.5191596742806155       0.0000000000000000       0.0000000000000000
      -1.4199894509328697       0.0000000000000000       0.0000000000000000     113.5991560746295903       0.0000000000000000       0.0000000000000000
      -1.4209894058616426       0.0000000000000000       0.0000000000000000     113.6791524689314343       0.0000000000000000       0.0000000000000000
      -1.4219893607149328       0.0000000000000000       0.0000000000000000     113.7591488571946456       0.0000000000000000       0.0000000000000000
      -1.4229893154928461       0.0000000000000000       0.0000000000000000     113.8391452394277081       0.0000000000000000       0.0000000000000000
      -1.4239892701954886       0.0000000000000000       0.0000000000000000     113.9191416156391057       0.0000000000000000       0.0000000000000000
      -1.4249892248229659       0.0000000000000000       0.0000000000000000     113.9991379858372937       0.0000000000000000       0.0000000000000000
      -1.4259891793753834       0.0000000000000000       0.0000000000000000     114.0791343500306994       0.0000000000000000       0.0000000000000000
      -1.4269891338528464       0.0000000000000000       0.0000000000000000     114.1591307082277496       0.0000000000000000       0.0000000000000000
      -1.4279890882554600       0.0000000000000000       0.0000000000000000     114.2391270604368430       0.0000000000000000       0.0000000000000000
      -1.4289890425833289       0.0000000000000000       0.0000000000000000     114.3191234066663640       0.0000000000000000       0.0000000000000000
      -1.4299889968365578       0.0000000000000000       0.0000000000000000     114.3991197469246686       0.0000000000000000       0.0000000000000000
      -1.4309889510152509       0.0000000000000000       0.0000000000000000     114.4791160812201127       0.0000000000000000       0.0000000000000000
      -1.4319889051195123       0.0000000000000000       0.0000000000000000     114.5591124095610240       0.0000000000000000       0.0000000000000000
      -1.4329888591494460       0.0000000000000000       0.0000000000000000     114.6391087319557158       0.0000000000000000       0.0000000000000000
      -1.4339888131051557       0.0000000000000000       0.0000000000000000     114.7191050484124872       0.0000000000000000       0.0000000000000000
      -1.4349887669867449       0.0000000000000000       0.0000000000000000     114.7991013589396232       0.0000000000000000       0.0000000000000000
      -1.4359887207943167       0.0000000000000000       0.0000000000000000     114.8790976635453802       0.0000000000000000       0.0000000000000000
      -1.4369886745279743       0.0000000000000000       0.0000000000000000     114.9590939622379864       0.0000000000000000       0.0000000000000000
      -1.4379886281878205       0.0000000000000000       0.0000000000000000     115.0390902550256840       0.0000000000000000       0.0000000000000000
      -1.4389885817739581       0.0000000000000000       0.0000000000000000     115.1190865419166869       0.0000000000000000       0.0000000000000000
      -1.4399885352864892       0.0000000000000000       0.0000000000000000     115.1990828229191806       0.0000000000000000       0.0000000000000000
      -1.4409884887255160       0.0000000000000000       0.0000000000000000     115.2790790980413362       0.0000000000000000       0.0000000000000000
      -1.4419884420911406       0.0000000000000000       0.0000000000000000     115.3590753672913110       0.0000000000000000       0.0000000000000000
      -1.4429883953834650       0.0000000000000000       0.0000000000000000     115.4390716306772475       0.0000000000000000       0.0000000000000000
      -1.4439883486025904       0.0000000000000000       0.0000000000000000     115.5190678882072746       0.0000000000000000       0.0000000000000000
      -1.4449883017486183       0.0000000000000000       0.0000000000000000     115.5990641398895065       0.0000000000000000       0.0000000000000000
      -1.4459882548216498       0.0000000000000000       0.0000000000000000     115.6790603857320292       0.0000000000000000       0.0000000000000000
      -1.4469882078217857       0.0000000000000000       0.0000000000000000     115.7590566257429145       0.0000000000000000       0.0000000000000000
      -1.4479881607491270       0.0000000000000000       0.0000000000000000     115.8390528599302201       0.0000000000000000       0.0000000000000000
      -1.4489881136037739       0.0000000000000000       0.0000000000000000     115.9190490883019748       0.0000000000000000       0.0000000000000000
      -1.4499880663858269       0.0000000000000000       0.0000000000000000     115.9990453108662223       0.0000000000000000       0.0000000000000000
      -1.4509880190953861       0.0000000000000000       0.0000000000000000     116.0790415276309488       0.0000000000000000       0.0000000000000000
      -1.4519879717325512       0.0000000000000000       0.0000000000000000     116.1590377386041695       0.0000000000000000       0.0000000000000000
      -1.4529879242974222       0.0000000000000000       0.0000000000000000     116.2390339437938422       0.0000000000000000       0.0000000000000000
      -1.4539878767900982       0.0000000000000000       0.0000000000000000     116.3190301432079252       0.0000000000000000       0.0000000000000000
      -1.4549878292106788       0.0000000000000000       0.0000000000000000     116.3990263368543623       0.0000000000000000       0.0000000000000000
      -1.4559877815592628       0.0000000000000000       0.0000000000000000     116.4790225247410831       0.0000000000000000       0.0000000000000000
      -1.4569877338359492       0.0000000000000000       0.0000000000000000     116.5590187068759889       0.0000000000000000       0.0000000000000000
      -1.4579876860408365       0.0000000000000000       0.0000000000000000     116.6390148832669809       0.0000000000000000       0.0000000000000000
      -1.4589876381740234       0.0000000000000000       0.0000000000000000     116.7190110539219319       0.0000000000000000       0.0000000000000000
      -1.4599875902356079       0.0000000000000000       0.0000000000000000     116.7990072188487005       0.0000000000000000       0.0000000000000000
      -1.4609875422256882       0.0000000000000000       0.0000000000000000     116.8790033780551312       0.0000000000000000       0.0000000000000000
      -1.4619874941443620       0.0000000000000000       0.0000000000000000     116.9589995315490398       0.0000000000000000       0.0000000000000000
      -1.4629874459917271       0.0000000000000000       0.0000000000000000     117.0389956793382567       0.0000000000000000       0.0000000000000000
      -1.4639873977678810       0.0000000000000000       0.0000000000000000     117.1189918214305692       0.0000000000000000       0.0000000000000000
      -1.4649873494729209       0.0000000000000000       0.0000000000000000     117.1989879578337508       0.0000000000000000       0.0000000000000000
      -1.4659873011069438       0.0000000000000000       0.0000000000000000     117.2789840885555748       0.0000000000000000       0.0000000000000000
      -1.4669872526700465       0.0000000000000000       0.0000000000000000     117.3589802136037861       0.0000000000000000       0.0000000000000000
      -1.4679872041623256       0.0000000000000000       0.0000000000000000     117.4389763329861154       0.0000000000000000       0.0000000000000000
      -1.4689871555838778       0.0000000000000000       0.0000000000000000     117.5189724467102792       0.0000000000000000       0.0000000000000000
      -1.4699871069347992       0.0000000000000000       0.0000000000000000     117.5989685547839798       0.0000000000000000       0.0000000000000000
      -1.4709870582151858       0.0000000000000000       0.0000000000000000     117.6789646572149053       0.0000000000000000       0.0000000000000000
      -1.4719870094251335       0.0000000000000000       0.0000000000000000     117.7589607540107153       0.0000000000000000       0.0000000000000000
      -1.4729869605647379       0.0000000000000000       0.0000000000000000     117.8389568451790694       0.0000000000000000       0.0000000000000000
      -1.4739869116340947       0.0000000000000000       0.0000000000000000     117.9189529307276132       0.0000000000000000       0.0000000000000000
      -1.4749868626332989       0.0000000000000000       0.0000000000000000     117.9989490106639636       0.0000000000000000       0.0000000000000000
      -1.4759868135624459       0.0000000000000000       0.0000000000000000     118.0789450849957234       0.0000000000000000       0.0000000000000000
      -1.4769867644216303       0.0000000000000000       0.0000000000000000     118.1589411537304812       0.0000000000000000       0.0000000000000000
      -1.4779867152109469       0.0000000000000000       0.0000000000000000     118.2389372168758115       0.0000000000000000       0.0000000000000000
      -1.4789866659304904       0.0000000000000000       0.0000000000000000     118.3189332744392885       0.0000000000000000       0.0000000000000000
      -1.4799866165803550       0.0000000000000000       0.0000000000000000     118.3989293264284441       0.0000000000000000       0.0000000000000000
      -1.4809865671606346       0.0000000000000000       0.0000000000000000     118.4789253728508100       0.0000000000000000       0.0000000000000000
      -1.4819865176714233       0.0000000000000000       0.0000000000000000     118.5589214137139180       0.0000000000000000       0.0000000000000000
      -1.4829864681128149       0.0000000000000000       0.0000000000000000     118.6389174490252429       0.0000000000000000       0.0000000000000000
      -1.4839864184849030       0.0000000000000000       0.0000000000000000     118.7189134787922882       0.0000000000000000       0.0000000000000000
      -1.4849863687877809       0.0000000000000000       0.0000000000000000     118.7989095030225144       0.0000000000000000       0.0000000000000000
      -1.4859863190215417       0.0000000000000000       0.0000000000000000     118.8789055217233823       0.0000000000000000       0.0000000000000000
      -1.4869862691862783       0.0000000000000000       0.0000000000000000     118.9589015349023242       0.0000000000000000       0.0000000000000000
      -1.4879862192820839       0.0000000000000000       0.0000000000000000     119.0388975425667581       0.0000000000000000       0.0000000000000000
      -1.4889861693090507       0.0000000000000000       0.0000000000000000     119.1188935447241022       0.0000000000000000       0.0000000000000000
      -1.4899861192672712       0.0000000000000000       0.0000000000000000     119.1988895413817460       0.0000000000000000       0.0000000000000000
      -1.4909860691568377       0.0000000000000000       0.0000000000000000     119.2788855325470792       0.0000000000000000       0.0000000000000000
      -1.4919860189778424       0.0000000000000000       0.0000000000000000     119.3588815182274629       0.0000000000000000       0.0000000000000000
      -1.4929859687303770       0.0000000000000000       0.0000000000000000     119.4388774984302302       0.0000000000000000       0.0000000000000000
      -1.4939859184145334       0.0000000000000000       0.0000000000000000     119.5188734731627420       0.0000000000000000       0.0000000000000000
      -1.4949858680304029       0.0000000000000000       0.0000000000000000     119.5988694424323029       0.0000000000000000       0.0000000000000000
      -1.4959858175780769       0.0000000000000000       0.0000000000000000     119.6788654062462172       0.0000000000000000       0.0000000000000000
      -1.4969857670576465       0.0000000000000000       0.0000000000000000     119.7588613646117750       0.0000000000000000       0.0000000000000000
      -1.4979857164692025       0.0000000000000000       0.0000000000000000     119.8388573175362666       0.0000000000000000       0.0000000000000000
      -1.4989856658128360       0.0000000000000000       0.0000000000000000     119.9188532650269394       0.0000000000000000       0.0000000000000000
      -1.4999856150886373       0.0000000000000000       0.0000000000000000     119.9988492070910411       0.0000000000000000       0.0000000000000000
      -1.5009855642966969       0.0000000000000000       0.0000000000000000     120.0788451437358191       0.0000000000000000       0.0000000000000000
