   9.28232521426178       0.000000000000000E+000  0.000000000000000E+000
  -9.14481513928411       0.000000000000000E+000  0.000000000000000E+000
   9.31720433140796       0.000000000000000E+000  0.000000000000000E+000
  -9.05777726171990       0.000000000000000E+000  0.000000000000000E+000
   9.40313896493047       0.000000000000000E+000  0.000000000000000E+000
  -8.91369789270867       0.000000000000000E+000  0.000000000000000E+000
   9.53713635637216       0.000000000000000E+000  0.000000000000000E+000
  -8.72316908028633       0.000000000000000E+000  0.000000000000000E+000
   9.71260063701689       0.000000000000000E+000  0.000000000000000E+000
  -8.49983614493450       0.000000000000000E+000  0.000000000000000E+000
   9.92263165641400       0.000000000000000E+000  0.000000000000000E+000
  -8.25769134188867       0.000000000000000E+000  0.000000000000000E+000
   10.1557932456043       0.000000000000000E+000  0.000000000000000E+000
  -8.01409729894017       0.000000000000000E+000  0.000000000000000E+000
   10.4000510219024      -2.775557561562891E-017  0.000000000000000E+000
  -7.78371313484028       0.000000000000000E+000  0.000000000000000E+000
   10.6407776699588       2.775557561562891E-017  0.000000000000000E+000
  -7.57612880535927       0.000000000000000E+000  0.000000000000000E+000
   10.8612343913936       0.000000000000000E+000  0.000000000000000E+000
  -7.40551679225575       0.000000000000000E+000  0.000000000000000E+000
   11.0478205505412       0.000000000000000E+000  0.000000000000000E+000
  -7.27617479081879       0.000000000000000E+000  0.000000000000000E+000
   11.1853150459733       0.000000000000000E+000  0.000000000000000E+000
  -7.19600482405351       0.000000000000000E+000  0.000000000000000E+000
   11.2649643510291       0.000000000000000E+000  0.000000000000000E+000
  -7.16738462908371       0.000000000000000E+000  0.000000000000000E+000
   11.2804920178160       0.000000000000000E+000  0.000000000000000E+000
  -7.18866970184005       0.000000000000000E+000  0.000000000000000E+000
   11.2307967329048      -6.938893903907228E-018  0.000000000000000E+000
  -7.26158894241676       0.000000000000000E+000  0.000000000000000E+000
   11.1200226788483       0.000000000000000E+000  0.000000000000000E+000
  -7.38379992725212       0.000000000000000E+000  0.000000000000000E+000
   10.9547384000258       0.000000000000000E+000  0.000000000000000E+000
  -7.54862136321565       0.000000000000000E+000  0.000000000000000E+000
   10.7496007031581       0.000000000000000E+000  0.000000000000000E+000
  -7.75000307876715       0.000000000000000E+000  0.000000000000000E+000
   10.5171243644495       0.000000000000000E+000  0.000000000000000E+000
  -7.97692021948559       0.000000000000000E+000  0.000000000000000E+000
   10.2738403562971       0.000000000000000E+000  0.000000000000000E+000
  -8.21878111782858       0.000000000000000E+000  0.000000000000000E+000
   10.0343485919367       0.000000000000000E+000  0.000000000000000E+000
  -8.46103905889195       2.775557561562891E-017  0.000000000000000E+000
   9.81297526762812       0.000000000000000E+000  0.000000000000000E+000
  -8.68902834374226       0.000000000000000E+000  0.000000000000000E+000
   9.61905767317447       0.000000000000000E+000  0.000000000000000E+000
  -8.88523463239273       0.000000000000000E+000  0.000000000000000E+000
   9.46426385340229       0.000000000000000E+000  0.000000000000000E+000
  -9.03810745784721       0.000000000000000E+000  0.000000000000000E+000
   9.35441693644646       0.000000000000000E+000  0.000000000000000E+000
  -9.13390066330179       0.000000000000000E+000  0.000000000000000E+000
   9.29374037266349       0.000000000000000E+000  0.000000000000000E+000
  -9.16781678357963       6.938893903907228E-018  0.000000000000000E+000
   9.28469698969249       0.000000000000000E+000  0.000000000000000E+000
  -9.13524077415835       0.000000000000000E+000  0.000000000000000E+000
   9.32776913014293       0.000000000000000E+000  0.000000000000000E+000
  -9.03839276978316       0.000000000000000E+000  0.000000000000000E+000
   9.42102105951299       0.000000000000000E+000  0.000000000000000E+000
  -8.88733845597277       0.000000000000000E+000  0.000000000000000E+000
   9.56120449850274       0.000000000000000E+000  0.000000000000000E+000
  -8.68909425034145       0.000000000000000E+000  0.000000000000000E+000
   9.74317807507459       0.000000000000000E+000  0.000000000000000E+000
  -8.46187855872120       0.000000000000000E+000  0.000000000000000E+000
   9.95726560918694       0.000000000000000E+000  0.000000000000000E+000
  -8.21950781424643       0.000000000000000E+000  0.000000000000000E+000
   10.1936371268068       0.000000000000000E+000  0.000000000000000E+000
  -7.97662875578630       0.000000000000000E+000  0.000000000000000E+000
   10.4381823938000       0.000000000000000E+000  0.000000000000000E+000
  -7.74782304634877       2.775557561562891E-017  0.000000000000000E+000
   10.6762575358278       0.000000000000000E+000  0.000000000000000E+000
  -7.54673946733893       0.000000000000000E+000  0.000000000000000E+000
   10.8934797903217       0.000000000000000E+000  0.000000000000000E+000
  -7.38169135718680       0.000000000000000E+000  0.000000000000000E+000
   11.0720043739276       0.000000000000000E+000  0.000000000000000E+000
  -7.26151600072997       0.000000000000000E+000  0.000000000000000E+000
   11.2013929562911       0.000000000000000E+000  0.000000000000000E+000
  -7.18787189745403       0.000000000000000E+000  0.000000000000000E+000
   11.2714830412831       0.000000000000000E+000  0.000000000000000E+000
  -7.16628343316137      -2.775557561562891E-017  0.000000000000000E+000
   11.2768827127836       0.000000000000000E+000  0.000000000000000E+000
  -7.19724577138330       0.000000000000000E+000  0.000000000000000E+000
   11.2172432027197       0.000000000000000E+000  0.000000000000000E+000
  -7.27956868848324      -8.673617379884035E-019  0.000000000000000E+000
   11.0961766328744       0.000000000000000E+000  0.000000000000000E+000
  -7.40727373395525       0.000000000000000E+000  0.000000000000000E+000
   10.9242139703425       0.000000000000000E+000  0.000000000000000E+000
  -7.57913574719313       0.000000000000000E+000  0.000000000000000E+000
   10.7139912257017       0.000000000000000E+000  0.000000000000000E+000
  -7.78455028704062       0.000000000000000E+000  0.000000000000000E+000
   10.4792242507740       0.000000000000000E+000  0.000000000000000E+000
  -8.01571859095987       0.000000000000000E+000  0.000000000000000E+000
   10.2354310941258       0.000000000000000E+000  0.000000000000000E+000
  -8.25882355688370       0.000000000000000E+000  0.000000000000000E+000
   9.99831867000159       0.000000000000000E+000  0.000000000000000E+000
  -8.49923725810424       0.000000000000000E+000  0.000000000000000E+000
   9.77917938125398       0.000000000000000E+000  0.000000000000000E+000
  -8.72239956195603       0.000000000000000E+000  0.000000000000000E+000
   9.59235738914773       0.000000000000000E+000  0.000000000000000E+000
  -8.91422631224883       0.000000000000000E+000  0.000000000000000E+000
   9.44330417930557       0.000000000000000E+000  0.000000000000000E+000
  -9.05715586028913       0.000000000000000E+000  0.000000000000000E+000
   9.34046804400808       0.000000000000000E+000  0.000000000000000E+000
