       0.6837594380707651   12500.4618770382221555       0.0000000000000000       0.0000000000000000
       0.6837594380707651  -12255.6709398287348449       0.0000000000000000       0.0000000000000000
       0.7642017249026199   48919.4405714124150109       0.0000000000072760       0.0000000000000000
       0.8446440117344747   64084.4288594134632149       0.0000000000000000       0.0000000000000000
       0.9250862985663293   82990.2091729910898721       0.0000000000000000       0.0000000000000000
       1.0055285853981841  105576.0719988721248228       0.0000000000000000       0.0000000000000000
       1.0859708722300390  104954.0425950567005202       0.0000000000000000       0.0000000000000000
       1.1664131590618938  103922.7078183799312683       0.0000000000000000       0.0000000000000000
       1.2468554458937484  102516.1016807208507089       0.0000000000000000       0.0000000000000000
       1.3272977327256030  100763.8607722526940051       0.0000000000000000       0.0000000000000000
       1.4077400195574576   98694.0815780951088527       0.0000000000000000       0.0000000000000000
       1.4077400195574576   68478.2084649566677399       0.0000000000000000       0.0000000000000000
