       0.9348938283059983  733580.2666458331514150      -0.0000000000145519       0.0000000000000000
       0.9348938283059983  914549.4197212778963149       0.0000000000000000       0.0000000000000000
       0.9348938283059983 1089804.7080422886647284       0.0000000000000000       0.0000000000000000
       0.9348938283059983 1261598.1484566356521100       0.0000000000000000       0.0000000000000000
       0.9348938283059983 1423862.8672728661913425       0.0000000000000000       0.0000000000000000
       0.9348938283059983 1586174.9794019837863743       0.0000000000000000       0.0000000000000000
       0.9348938283059983 1747756.8176587999332696       0.0000000000000000       0.0000000000000000
       0.9348938283059983 1906580.5720408093184233       0.0000000000000000       0.0000000000000000
       0.9348938283059983 2060765.6668947339057922      -0.0000000000036380       0.0000000000000000
       0.9348938283059983 2211081.0502536552958190       0.0000000000000000       0.0000000000000000
       0.9348938283059983 2362445.4563186364248395       0.0000000000000000       0.0000000000000000
       0.9348938283059983 2509455.9399164901115000       0.0000000000000000       0.0000000000000000
       0.9348938283059983 2659598.6257194960489869       0.0000000000000000       0.0000000000000000
       0.9348938283059983 2802465.0002080881968141       0.0000000000000000       0.0000000000000000
       0.9348938283059983 2938496.1077058101072907       0.0000000000000000       0.0000000000000000
       0.9348938283059983 3081687.2172134541906416       0.0000000000000000       0.0000000000000000
       0.9348938283059983 3216330.1395442532375455       0.0000000000000000       0.0000000000000000
       0.9348938283059983 3355025.5527697815559804       0.0000000000000000       0.0000000000000000
       1.0333037049697875  583507.5892953666625544       0.0000000000000000       0.0000000000000000
       1.0333037049697875  638114.2716852441662923       0.0000000000000000       0.0000000000000000
       1.0333037049697875  755020.5443736573215574       0.0000000000000000       0.0000000000000000
       1.0333037049697875  875260.6257522616069764       0.0000000000000000       0.0000000000000000
       1.0333037049697875  983401.8791797793237492       0.0000000000000000       0.0000000000000000
       1.0333037049697875 1098003.2809480531141162       0.0000000000000000       0.0000000000000000
       1.0333037049697875 1208898.9828120148740709       0.0000000000000000       0.0000000000000000
       1.0333037049697875 1318014.0467167638707906       0.0000000000000000       0.0000000000000000
       1.0333037049697875 1435340.1408969960175455       0.0000000000000000       0.0000000000000000
       1.0333037049697875 1539736.2696984943468124       0.0000000000000000       0.0000000000000000
       1.0333037049697875 1646933.6900997350458056       0.0000000000000000       0.0000000000000000
       1.0333037049697875 1757996.4157590961549431       0.0000000000000000       0.0000000000000000
       1.0333037049697875 1864597.4953180132433772       0.0000000000000000       0.0000000000000000
       1.0333037049697875 1969811.5574350438546389       0.0000000000000000       0.0000000000000000
       1.0333037049697875 2073129.3701086731161922       0.0000000000000000       0.0000000000000000
       1.0333037049697875 2178376.5390137308277190       0.0000000000000000       0.0000000000000000
       1.0333037049697875 2284637.0424675927497447       0.0000000000000000       0.0000000000000000
       1.0333037049697875 2393498.8243621625006199       0.0000000000000000       0.0000000000000000
       1.0333037049697875 2491799.4438345599919558       0.0000000000000000       0.0000000000000000
       1.0333037049697875 2593377.5131960259750485       0.0000000000000000       0.0000000000000000
       1.0333037049697875 2695686.9257113430649042      -0.0000000000145519       0.0000000000000000
       1.0333037049697875 2797911.6912216884084046       0.0000000000000000       0.0000000000000000
       1.0333037049697875 2907807.0901149143464863       0.0000000000000000       0.0000000000000000
       1.0333037049697875 2998987.7514192899689078       0.0000000000000000       0.0000000000000000
       1.0333037049697875 3100438.2064485559239984       0.0000000000000000       0.0000000000000000
       1.0333037049697875 3201068.4721146943047643       0.0000000000000000       0.0000000000000000
       1.1317135816335768  527985.0957883987575769       0.0000000000000000       0.0000000000000000
       1.1317135816335768  809718.2774087452562526       0.0000000000000000       0.0000000000000000
       1.1317135816335768 1025159.7060002132784575       0.0000000000000000       0.0000000000000000
       1.1317135816335768 1226608.9339474551379681       0.0000000000000000       0.0000000000000000
       1.1317135816335768 1433491.7795189644675702       0.0000000000000000       0.0000000000000000
       1.1317135816335768 1638188.8447253161575645       0.0000000000000000       0.0000000000000000
       1.1317135816335768 1843414.8031759900040925       0.0000000000000000       0.0000000000000000
       1.1317135816335768 2048681.4168670135550201       0.0000000000000000       0.0000000000000000
       1.1317135816335768 2254735.7834044271148741       0.0000000000000000       0.0000000000000000
       1.1317135816335768 2454835.2714220634661615       0.0000000000000000       0.0000000000000000
       1.1317135816335768 2658958.8834553975611925       0.0000000000000000       0.0000000000000000
       1.1317135816335768 2852253.9806044083088636       0.0000000000000000       0.0000000000000000
       1.1317135816335768 3060308.7792279231362045       0.0000000000000000       0.0000000000000000
       1.1317135816335768 3253264.3910569930449128       0.0000000000000000       0.0000000000000000
       1.2301234582973661  636890.8438786120386794       0.0000000000000000       0.0000000000000000
       1.2301234582973661  947729.0878694786224514       0.0000000000000000       0.0000000000000000
       1.2301234582973661 1252844.5050710728392005       0.0000000000000000       0.0000000000000000
       1.2301234582973661 1559184.8124848795123398       0.0000000000000000       0.0000000000000000
       1.2301234582973661 1844574.8429807666689157       0.0000000000000000       0.0000000000000000
       1.2301234582973661 2133039.6475347210653126       0.0000000000000000       0.0000000000000000
       1.2301234582973661 2422669.9221098665148020       0.0000000000000000       0.0000000000000000
       1.2301234582973661 2697006.9128552940674126       0.0000000000000000       0.0000000000000000
       1.2301234582973661 2982497.5257327435538173       0.0000000000000000       0.0000000000000000
