      -0.7720643309944154  273836.1294506646227092       0.0000000000000000       0.0000000000000000
      -0.7720643309944154  230400.2934335936442949       0.0000000000000000       0.0000000000000000
      -0.7720643309944154  163050.1682482596370392       0.0000000000000000       0.0000000000000000
      -0.7720643309944154   56010.6578189650608692       0.0000000000000000       0.0000000000000000
      -0.8750062417936708  425115.8251168327988125       0.0000000000000000       0.0000000000000000
      -0.8750062417936708  445971.2423333071637899       0.0000000000000000       0.0000000000000000
      -0.8750062417936708  441284.2232657997519709       0.0000000000000000       0.0000000000000000
      -0.8750062417936708  454546.9529425383079797       0.0000000000000000       0.0000000000000000
      -0.8750062417936708  536094.9070025678956881       0.0000000000000000       0.0000000000000000
      -0.8750062417936708  602215.3006369508802891       0.0000000000000000       0.0000000000000000
      -0.8750062417936708  672737.7670814611483365       0.0000000000000000       0.0000000000000000
      -0.8750062417936708  748467.3622862291522324       0.0000000000000000       0.0000000000000000
      -0.8750062417936708  820046.5149963687872514       0.0000000000000000       0.0000000000000000
      -0.8750062417936708  875422.3478582451352850       0.0000000000000000       0.0000000000000000
      -0.8750062417936708  942084.2900073422351852       0.0000000000000000       0.0000000000000000
      -0.8750062417936708 1003093.4679278242401779       0.0000000000000000       0.0000000000000000
      -0.8750062417936708 1073344.6759679201059043       0.0000000000000000       0.0000000000000000
      -0.8750062417936708 1123048.2890384842175990       0.0000000000000000       0.0000000000000000
      -0.8750062417936708 1181829.0897231600247324       0.0000000000000000       0.0000000000000000
      -0.8750062417936708 1247030.4677700938191265       0.0000000000000000       0.0000000000000000
      -0.8750062417936708 1298792.0353156379424036       0.0000000000000000       0.0000000000000000
      -0.8750062417936708 1359401.0584463083650917       0.0000000000000000       0.0000000000000000
      -0.8750062417936708 1412205.6601224499754608       0.0000000000000000       0.0000000000000000
      -0.8750062417936708 1472613.1440688525326550       0.0000000000000000       0.0000000000000000
      -0.8750062417936708 1521277.6338919703848660       0.0000000000000000       0.0000000000000000
      -0.8750062417936708 1574899.1990047637373209       0.0000000000000000       0.0000000000000000
      -0.8750062417936708 1631744.1289109052158892       0.0000000000000000       0.0000000000000000
      -0.8750062417936708 1683134.6891803590115160       0.0000000000000000       0.0000000000000000
      -0.8750062417936708 1745162.6209475654177368       0.0000000000000000       0.0000000000000000
      -0.8750062417936708 1793916.8060097945854068       0.0000000000000000       0.0000000000000000
      -0.8750062417936708 1832714.5407492050435394       0.0000000000000000       0.0000000000000000
      -0.8750062417936708 1888870.2880490510724485       0.0000000000000000       0.0000000000000000
      -0.8750062417936708 1929803.4865790843032300       0.0000000000000000       0.0000000000000000
      -0.8750062417936708 1977397.8131050157826394       0.0000000000000000       0.0000000000000000
      -0.8750062417936708 2031784.1756131404545158       0.0000000000000000       0.0000000000000000
      -0.8750062417936708 2070818.9514606206212193       0.0000000000000000       0.0000000000000000
      -0.8750062417936708 2129697.0463274596258998       0.0000000000000000       0.0000000000000000
      -0.8750062417936708 2172507.2412688690237701       0.0000000000018190       0.0000000000000000
      -0.8750062417936708 2214898.9216132746078074       0.0000000000000000       0.0000000000000000
      -0.8750062417936708 2247082.6783059085719287       0.0000000000000000       0.0000000000000000
      -0.8750062417936708 2305050.5412582140415907       0.0000000000000000       0.0000000000000000
      -0.8750062417936708 2338899.6744075408205390       0.0000000000000000       0.0000000000000000
      -0.8750062417936708 2380752.7675999556668103       0.0000000000000000       0.0000000000000000
      -0.8750062417936708 2428024.7433167165145278       0.0000000000000000       0.0000000000000000
      -0.8750062417936708 2454181.0945005635730922       0.0000000000000000       0.0000000000000000
      -0.8750062417936708 2503286.2250293740071356       0.0000000000000000       0.0000000000000000
      -0.8750062417936708 2548656.1166144320741296       0.0000000000000000       0.0000000000000000
      -0.8750062417936708 2585486.6883225687779486       0.0000000000000000       0.0000000000000000
      -0.8750062417936708 2610369.8669419083744287       0.0000000000000000       0.0000000000000000
      -0.8750062417936708 2651205.5583384842611849       0.0000000000000000       0.0000000000000000
      -0.8750062417936708 2680878.9836274064145982       0.0000000000000000       0.0000000000000000
      -0.8750062417936708 2716970.2098225587978959       0.0000000000000000       0.0000000000000000
      -0.8750062417936708 2750928.3964940989390016       0.0000000000000000       0.0000000000000000
      -0.8750062417936708 2794441.7068477482534945       0.0000000000000000       0.0000000000000000
      -0.8750062417936708 2818454.7949476046487689       0.0000000000000000       0.0000000000000000
      -0.8750062417936708 2857146.7630511983297765       0.0000000000000000       0.0000000000000000
      -0.8750062417936708 2888210.8919414994306862       0.0000000000000000       0.0000000000000000
      -0.8750062417936708 2912474.1049676584079862       0.0000000000000000       0.0000000000000000
      -0.8750062417936708 2958168.6006870814599097       0.0000000000000000       0.0000000000000000
      -0.8750062417936708 2973183.1661611786112189       0.0000000000000000       0.0000000000000000
      -0.8750062417936708 3000750.5464291893877089       0.0000000000000000       0.0000000000000000
      -0.8750062417936708 3043520.7812512158416212       0.0000000000000000       0.0000000000000000
      -0.8750062417936708 3048872.4901793031021953       0.0000000000000000       0.0000000000000000
      -0.9779481525929262  701433.0626647280296311       0.0000000000000000       0.0000000000000000
      -0.9779481525929262  708672.0509104728698730       0.0000000000000000       0.0000000000000000
      -0.9779481525929262  680307.2490978630958125       0.0000000000000000       0.0000000000000000
      -0.9779481525929262  993355.2144844387657940       0.0000000000000000       0.0000000000000000
      -0.9779481525929262 1070455.1026847334578633       0.0000000000000000       0.0000000000000000
      -0.9779481525929262 1144720.0361929871141911       0.0000000000000000       0.0000000000000000
      -0.9779481525929262 1218829.6133555595297366       0.0000000000000000       0.0000000000000000
      -0.9779481525929262 1292810.8005773921031505       0.0000000000000000       0.0000000000000000
      -0.9779481525929262 1366700.1430871589109302       0.0000000000000000       0.0000000000000000
      -0.9779481525929262 1440653.8424184753093868       0.0000000000000000       0.0000000000000000
      -0.9779481525929262 1514988.1960278316400945       0.0000000000000000       0.0000000000000000
      -0.9779481525929262 1588491.1103574591688812       0.0000000000000000       0.0000000000000000
      -0.9779481525929262 1659420.5192117106635123       0.0000000000000000       0.0000000000000000
      -0.9779481525929262 1731288.9860562798567116       0.0000000000000000       0.0000000000000000
      -0.9779481525929262 1805128.9011448645032942       0.0000000000000000       0.0000000000000000
      -0.9779481525929262 1877665.0714794329833239       0.0000000000000000       0.0000000000000000
      -0.9779481525929262 1948193.6974646358285099       0.0000000000000000       0.0000000000000000
      -0.9779481525929262 2023468.7230465910397470       0.0000000000000000       0.0000000000000000
      -0.9779481525929262 2091964.2327676785644144       0.0000000000000000       0.0000000000000000
      -0.9779481525929262 2167040.4850821942090988      -0.0000000000002274       0.0000000000000000
      -0.9779481525929262 2235150.4440827365033329       0.0000000000000000       0.0000000000000000
      -0.9779481525929262 2307984.5267241750843823       0.0000000000000000       0.0000000000000000
      -0.9779481525929262 2379286.0308025651611388       0.0000000000000000       0.0000000000000000
      -0.9779481525929262 2448762.2336382237263024       0.0000000000000000       0.0000000000000000
      -0.9779481525929262 2520314.1708180741406977       0.0000000000000000       0.0000000000000000
      -0.9779481525929262 2592937.4204593766480684       0.0000000000000000       0.0000000000000000
      -0.9779481525929262 2663738.1901005390100181       0.0000000000000000       0.0000000000000000
      -0.9779481525929262 2732969.7702384036965668       0.0000000000000000       0.0000000000000000
      -0.9779481525929262 2802753.9835435794666409      -0.0000000000072760       0.0000000000000000
      -0.9779481525929262 2872797.7123280186206102       0.0000000000000000       0.0000000000000000
      -0.9779481525929262 2942991.8460124889388680       0.0000000000000000       0.0000000000000000
      -0.9779481525929262 3013408.0733839967288077       0.0000000000000000       0.0000000000000000
      -0.9779481525929262 3084305.2829202003777027       0.0000000000000000       0.0000000000000000
      -0.9779481525929262 3154854.5594313871115446       0.0000000000000000       0.0000000000000000
      -0.9779481525929262 3222335.4261769489385188       0.0000000000000000       0.0000000000000000
      -0.9779481525929262 3290664.3123888908885419       0.0000000000000000       0.0000000000000000
      -0.9779481525929262 3360830.1646056361496449       0.0000000000000000       0.0000000000000000
      -0.9779481525929262 3431853.2147080856375396       0.0000000000000000       0.0000000000000000
      -0.9779481525929262 3498136.0320522529073060      -0.0000000000145519       0.0000000000000000
      -0.9779481525929262 3568796.0092229885049164       0.0000000000000000       0.0000000000000000
      -1.0808900633921816 1248169.0668337305542082       0.0000000000000000       0.0000000000000000
      -1.0808900633921816 1299217.2564232551958412       0.0000000000000000       0.0000000000000000
      -1.0808900633921816 1414956.0682003535330296       0.0000000000000000       0.0000000000000000
      -1.0808900633921816 1518361.8398885433562100       0.0000000000000000       0.0000000000000000
      -1.0808900633921816 1619270.7616863632574677       0.0000000000000000       0.0000000000000000
      -1.0808900633921816 1719548.4252318169455975       0.0000000000000000       0.0000000000000000
      -1.0808900633921816 1820319.6941830033902079       0.0000000000000000       0.0000000000000000
      -1.0808900633921816 1920574.5421916714403778       0.0000000000000000       0.0000000000000000
      -1.0808900633921816 2019529.0632284043822438       0.0000000000000000       0.0000000000000000
      -1.0808900633921816 2118991.6195765105076134       0.0000000000000000       0.0000000000000000
      -1.0808900633921816 2218640.7313420991413295       0.0000000000000000       0.0000000000000000
      -1.0808900633921816 2316199.7315971204079688       0.0000000000000000       0.0000000000000000
      -1.0808900633921816 2414301.7175117586739361       0.0000000000000000       0.0000000000000000
      -1.0808900633921816 2512367.9749725977890193      -0.0000000000072760       0.0000000000000000
      -1.0808900633921816 2610114.5854167533107102       0.0000000000000000       0.0000000000000000
      -1.0808900633921816 2707549.3971713366918266       0.0000000000000000       0.0000000000000000
      -1.0808900633921816 2804974.9882683008909225       0.0000000000000000       0.0000000000000000
      -1.0808900633921816 2902998.9508465561084449       0.0000000000000000       0.0000000000000000
      -1.0808900633921816 2998949.5688494355417788       0.0000000000000000       0.0000000000000000
      -1.0808900633921816 3095099.2383863693103194       0.0000000000000000       0.0000000000000000
      -1.0808900633921816 3192108.5722463722340763       0.0000000000000000       0.0000000000000000
      -1.0808900633921816 3287470.9984719241037965      -0.0000000000036380       0.0000000000000000
      -1.0808900633921816 3383026.9614023645408452       0.0000000000000000       0.0000000000000000
      -1.0808900633921816 3479639.0936282221227884       0.0000000000000000       0.0000000000000000
      -1.0808900633921816 3574867.4728756765834987       0.0000000000000000       0.0000000000000000
      -1.0808900633921816 3669316.3233389244414866       0.0000000000000000       0.0000000000000000
      -1.0808900633921816 3763980.4471962419338524       0.0000000000000000       0.0000000000000000
      -1.0808900633921816 3858741.9790045772679150       0.0000000000000000       0.0000000000000000
      -1.0808900633921816 3953769.7476369501091540       0.0000000000000000       0.0000000000000000
      -1.1838319741914369 3000603.7782037998549640       0.0000000000000000       0.0000000000000000
      -1.1838319741914369 3280748.1300280983559787       0.0000000000000000       0.0000000000000000
      -1.1838319741914369 3546607.3996192174963653       0.0000000000000000       0.0000000000000000
      -1.1838319741914369 3809263.1701940423808992       0.0000000000036380       0.0000000000000000
      -1.1838319741914369 4070146.1303946655243635       0.0000000000000000       0.0000000000000000
      -1.1838319741914369 4329275.9268737258389592       0.0000000000018190       0.0000000000000000
      -1.1838319741914369 4586744.1549240574240685       0.0000000000000000       0.0000000000000000
      -1.1838319741914369 4842790.8070263490080833       0.0000000000000000       0.0000000000000000
      -1.1838319741914369 5097289.0079064983874559       0.0000000000000000       0.0000000000000000
      -1.1838319741914369 5350189.5382905714213848       0.0000000000000000       0.0000000000000000
      -1.1838319741914369 5601804.6526863081380725       0.0000000000000000       0.0000000000000000
