  8.377580409572781E-002   1.00000000000000       0.000000000000000E+000
  0.125663706143592        1.00000000000000       0.000000000000000E+000
  0.167551608191456        1.00000000000000       0.000000000000000E+000
  0.209439510239320        1.00000000000000       0.000000000000000E+000
  0.251327412287183        1.00000000000000       0.000000000000000E+000
  0.293215314335047        1.00000000000000       0.000000000000000E+000
  0.335103216382911        1.00000000000000       0.000000000000000E+000
  0.376991118430775        1.00000000000000       0.000000000000000E+000
  0.418879020478639        1.00000000000000       0.000000000000000E+000
  0.460766922526503        1.00000000000000       0.000000000000000E+000
  0.502654824574367        1.00000000000000       0.000000000000000E+000
  0.544542726622231        1.00000000000000       0.000000000000000E+000
  0.586430628670095        1.00000000000000       0.000000000000000E+000
  0.628318530717959        1.00000000000000       0.000000000000000E+000
  0.670206432765822        1.00000000000000       0.000000000000000E+000
  0.712094334813686        1.00000000000000       0.000000000000000E+000
  0.753982236861550        1.00000000000000       0.000000000000000E+000
  0.795870138909414        1.00000000000000       0.000000000000000E+000
  0.837758040957278        1.00000000000000       0.000000000000000E+000
  0.879645943005142        1.00000000000000       0.000000000000000E+000
  0.921533845053006        1.00000000000000       0.000000000000000E+000
  0.963421747100870        1.00000000000000       0.000000000000000E+000
   1.00530964914873        1.00000000000000       0.000000000000000E+000
   1.04719755119660        1.00000000000000       0.000000000000000E+000
   1.08908545324446        1.00000000000000       0.000000000000000E+000
   1.13097335529233        1.00000000000000       0.000000000000000E+000
   1.17286125734019        1.00000000000000       0.000000000000000E+000
   1.21474915938805        1.00000000000000       0.000000000000000E+000
   1.25663706143592        1.00000000000000       0.000000000000000E+000
   1.29852496348378        1.00000000000000       0.000000000000000E+000
   1.34041286553164        1.00000000000000       0.000000000000000E+000
   1.38230076757951        1.00000000000000       0.000000000000000E+000
   1.42418866962737        1.00000000000000       0.000000000000000E+000
   1.46607657167524        1.00000000000000       0.000000000000000E+000
   1.50796447372310        1.00000000000000       0.000000000000000E+000
   1.54985237577096        1.00000000000000       0.000000000000000E+000
   1.59174027781883        1.00000000000000       0.000000000000000E+000
   1.63362817986669        1.00000000000000       0.000000000000000E+000
   1.67551608191456        1.00000000000000       0.000000000000000E+000
   1.71740398396242        1.00000000000000       0.000000000000000E+000
   1.75929188601028        1.00000000000000       0.000000000000000E+000
   1.80117978805815        1.00000000000000       0.000000000000000E+000
   1.84306769010601        1.00000000000000       0.000000000000000E+000
   1.88495559215388        1.00000000000000       0.000000000000000E+000
   1.92684349420174        1.00000000000000       0.000000000000000E+000
   1.96873139624960        1.00000000000000       0.000000000000000E+000
   2.01061929829747        1.00000000000000       0.000000000000000E+000
   2.05250720034533        1.00000000000000       0.000000000000000E+000
   2.09439510239320        1.00000000000000       0.000000000000000E+000
   2.13628300444106        1.00000000000000       0.000000000000000E+000
   2.17817090648892        1.00000000000000       0.000000000000000E+000
   2.22005880853679        1.00000000000000       0.000000000000000E+000
   2.26194671058465        1.00000000000000       0.000000000000000E+000
   2.30383461263251        1.00000000000000       0.000000000000000E+000
   2.34572251468038        1.00000000000000       0.000000000000000E+000
   2.38761041672824        1.00000000000000       0.000000000000000E+000
   2.42949831877611        1.00000000000000       0.000000000000000E+000
   2.47138622082397        1.00000000000000       0.000000000000000E+000
   2.51327412287183        1.00000000000000       0.000000000000000E+000
   2.55516202491970        1.00000000000000       0.000000000000000E+000
   2.59704992696756        1.00000000000000       0.000000000000000E+000
   2.63893782901543        1.00000000000000       0.000000000000000E+000
   2.68082573106329        1.00000000000000       0.000000000000000E+000
   2.72271363311115        1.00000000000000       0.000000000000000E+000
   2.76460153515902        1.00000000000000       0.000000000000000E+000
   2.80648943720688        1.00000000000000       0.000000000000000E+000
   2.84837733925475        1.00000000000000       0.000000000000000E+000
   2.89026524130261        1.00000000000000       0.000000000000000E+000
   2.93215314335047        1.00000000000000       0.000000000000000E+000
   2.97404104539834        1.00000000000000       0.000000000000000E+000
   3.01592894744620        1.00000000000000       0.000000000000000E+000
   3.05781684949407        1.00000000000000       0.000000000000000E+000
   3.09970475154193        1.00000000000000       0.000000000000000E+000
   3.14159265358979        1.00000000000000       0.000000000000000E+000
   3.18348055563766        1.00000000000000       0.000000000000000E+000
   3.22536845768552        1.00000000000000       0.000000000000000E+000
   3.26725635973338        1.00000000000000       0.000000000000000E+000
   3.30914426178125        1.00000000000000       0.000000000000000E+000
   3.35103216382911        1.00000000000000       0.000000000000000E+000
   3.39292006587698        1.00000000000000       0.000000000000000E+000
   3.43480796792484        1.00000000000000       0.000000000000000E+000
   3.47669586997270        1.00000000000000       0.000000000000000E+000
   3.51858377202057        1.00000000000000       0.000000000000000E+000
   3.56047167406843        1.00000000000000       0.000000000000000E+000
   3.60235957611630        1.00000000000000       0.000000000000000E+000
   3.64424747816416        1.00000000000000       0.000000000000000E+000
   3.68613538021202        1.00000000000000       0.000000000000000E+000
   3.72802328225989        1.00000000000000       0.000000000000000E+000
   3.76991118430775        1.00000000000000       0.000000000000000E+000
   3.81179908635562        1.00000000000000       0.000000000000000E+000
   3.85368698840348        1.00000000000000       0.000000000000000E+000
   3.89557489045134        1.00000000000000       0.000000000000000E+000
   3.93746279249921        1.00000000000000       0.000000000000000E+000
   3.97935069454707        1.00000000000000       0.000000000000000E+000
   4.02123859659493        1.00000000000000       0.000000000000000E+000
   4.06312649864280        1.00000000000000       0.000000000000000E+000
   4.10501440069066        1.00000000000000       0.000000000000000E+000
   4.14690230273853        1.00000000000000       0.000000000000000E+000
   4.18879020478639        1.00000000000000       0.000000000000000E+000
   4.23067810683425        1.00000000000000       0.000000000000000E+000
   4.27256600888212        1.00000000000000       0.000000000000000E+000
   4.31445391092998        1.00000000000000       0.000000000000000E+000
   4.35634181297785        1.00000000000000       0.000000000000000E+000
   4.39822971502571        1.00000000000000       0.000000000000000E+000
   4.44011761707357        1.00000000000000       0.000000000000000E+000
   4.48200551912144        1.00000000000000       0.000000000000000E+000
   4.52389342116930        1.00000000000000       0.000000000000000E+000
   4.56578132321717        1.00000000000000       0.000000000000000E+000
   4.60766922526503        1.00000000000000       0.000000000000000E+000
   4.64955712731289        1.00000000000000       0.000000000000000E+000
   4.69144502936076        1.00000000000000       0.000000000000000E+000
   4.73333293140862        1.00000000000000       0.000000000000000E+000
   4.77522083345649        1.00000000000000       0.000000000000000E+000
   4.81710873550435        1.00000000000000       0.000000000000000E+000
   4.85899663755221        1.00000000000000       0.000000000000000E+000
   4.90088453960008        1.00000000000000       0.000000000000000E+000
   4.94277244164794        1.00000000000000       0.000000000000000E+000
   4.98466034369581        1.00000000000000       0.000000000000000E+000
   5.02654824574367        1.00000000000000       0.000000000000000E+000
   5.06843614779153        1.00000000000000       0.000000000000000E+000
   5.11032404983940        1.00000000000000       0.000000000000000E+000
   5.15221195188726        1.00000000000000       0.000000000000000E+000
   5.19409985393512        1.00000000000000       0.000000000000000E+000
   5.23598775598299        1.00000000000000       0.000000000000000E+000
   5.27787565803085        1.00000000000000       0.000000000000000E+000
   5.31976356007872        1.00000000000000       0.000000000000000E+000
   5.36165146212658        1.00000000000000       0.000000000000000E+000
   5.40353936417444        1.00000000000000       0.000000000000000E+000
   5.44542726622231        1.00000000000000       0.000000000000000E+000
   5.48731516827017        1.00000000000000       0.000000000000000E+000
   5.52920307031804        1.00000000000000       0.000000000000000E+000
   5.57109097236590        1.00000000000000       0.000000000000000E+000
   5.61297887441376        1.00000000000000       0.000000000000000E+000
   5.65486677646163        1.00000000000000       0.000000000000000E+000
   5.69675467850949        1.00000000000000       0.000000000000000E+000
   5.73864258055735        1.00000000000000       0.000000000000000E+000
   5.78053048260522        1.00000000000000       0.000000000000000E+000
   5.82241838465308        1.00000000000000       0.000000000000000E+000
   5.86430628670095        1.00000000000000       0.000000000000000E+000
   5.90619418874881        1.00000000000000       0.000000000000000E+000
   5.94808209079667        1.00000000000000       0.000000000000000E+000
   5.98996999284454        1.00000000000000       0.000000000000000E+000
   6.03185789489240        1.00000000000000       0.000000000000000E+000
   6.07374579694027        1.00000000000000       0.000000000000000E+000
   6.11563369898813        1.00000000000000       0.000000000000000E+000
   6.15752160103599        1.00000000000000       0.000000000000000E+000
   6.19940950308386        1.00000000000000       0.000000000000000E+000
   6.24129740513172        1.00000000000000       0.000000000000000E+000
   6.28318530717959        1.00000000000000       0.000000000000000E+000
   6.32507320922745        1.00000000000000       0.000000000000000E+000
   6.36696111127531        1.00000000000000       0.000000000000000E+000
   6.40884901332318        1.00000000000000       0.000000000000000E+000
   6.45073691537104        1.00000000000000       0.000000000000000E+000
   6.49262481741891        1.00000000000000       0.000000000000000E+000
   6.53451271946677        1.00000000000000       0.000000000000000E+000
   6.57640062151463        1.00000000000000       0.000000000000000E+000
   6.61828852356250        1.00000000000000       0.000000000000000E+000
   6.66017642561036        1.00000000000000       0.000000000000000E+000
   6.70206432765823        1.00000000000000       0.000000000000000E+000
   6.74395222970609        1.00000000000000       0.000000000000000E+000
   6.78584013175395        1.00000000000000       0.000000000000000E+000
   6.82772803380182        1.00000000000000       0.000000000000000E+000
   6.86961593584968        1.00000000000000       0.000000000000000E+000
   6.91150383789754        1.00000000000000       0.000000000000000E+000
   6.95339173994541        1.00000000000000       0.000000000000000E+000
   6.99527964199327        1.00000000000000       0.000000000000000E+000
   7.03716754404114        1.00000000000000       0.000000000000000E+000
   7.07905544608900        1.00000000000000       0.000000000000000E+000
   7.12094334813686        1.00000000000000       0.000000000000000E+000
   7.16283125018473        1.00000000000000       0.000000000000000E+000
   7.20471915223259        1.00000000000000       0.000000000000000E+000
   7.24660705428046        1.00000000000000       0.000000000000000E+000
   7.28849495632832        1.00000000000000       0.000000000000000E+000
   7.33038285837618        1.00000000000000       0.000000000000000E+000
   7.37227076042405        1.00000000000000       0.000000000000000E+000
   7.41415866247191        1.00000000000000       0.000000000000000E+000
   7.45604656451977        1.00000000000000       0.000000000000000E+000
   7.49793446656764        1.00000000000000       0.000000000000000E+000
   7.53982236861550        1.00000000000000       0.000000000000000E+000
   7.58171027066337        1.00000000000000       0.000000000000000E+000
   7.62359817271123        1.00000000000000       0.000000000000000E+000
   7.66548607475909        1.00000000000000       0.000000000000000E+000
   7.70737397680696        1.00000000000000       0.000000000000000E+000
   7.74926187885482        1.00000000000000       0.000000000000000E+000
   7.79114978090269        1.00000000000000       0.000000000000000E+000
   7.83303768295055        1.00000000000000       0.000000000000000E+000
   7.87492558499841        1.00000000000000       0.000000000000000E+000
   7.91681348704628        1.00000000000000       0.000000000000000E+000
   7.95870138909414        1.00000000000000       0.000000000000000E+000
   8.00058929114201        1.00000000000000       0.000000000000000E+000
   8.04247719318987        1.00000000000000       0.000000000000000E+000
   8.08436509523773        1.00000000000000       0.000000000000000E+000
   8.12625299728560        1.00000000000000       0.000000000000000E+000
   8.16814089933346        1.00000000000000       0.000000000000000E+000
   8.21002880138133        1.00000000000000       0.000000000000000E+000
   8.25191670342919        1.00000000000000       0.000000000000000E+000
   8.29380460547705        1.00000000000000       0.000000000000000E+000
   8.33569250752492        1.00000000000000       0.000000000000000E+000
   8.37758040957278        1.00000000000000       0.000000000000000E+000
   8.41946831162064        1.00000000000000       0.000000000000000E+000
   8.46135621366851        1.00000000000000       0.000000000000000E+000
   8.50324411571637        1.00000000000000       0.000000000000000E+000
   8.54513201776424        1.00000000000000       0.000000000000000E+000
   8.58701991981210        1.00000000000000       0.000000000000000E+000
   8.62890782185996        1.00000000000000       0.000000000000000E+000
   8.67079572390783        1.00000000000000       0.000000000000000E+000
   8.71268362595569        1.00000000000000       0.000000000000000E+000
   8.75457152800356        1.00000000000000       0.000000000000000E+000
   8.79645943005142        1.00000000000000       0.000000000000000E+000
   8.83834733209928        1.00000000000000       0.000000000000000E+000
   8.88023523414715        1.00000000000000       0.000000000000000E+000
   8.92212313619501        1.00000000000000       0.000000000000000E+000
   8.96401103824287        1.00000000000000       0.000000000000000E+000
   9.00589894029074        1.00000000000000       0.000000000000000E+000
   9.04778684233860        1.00000000000000       0.000000000000000E+000
   9.08967474438647        1.00000000000000       0.000000000000000E+000
   9.13156264643433        1.00000000000000       0.000000000000000E+000
   9.17345054848220        1.00000000000000       0.000000000000000E+000
   9.21533845053006        1.00000000000000       0.000000000000000E+000
   9.25722635257792        1.00000000000000       0.000000000000000E+000
   9.29911425462579        1.00000000000000       0.000000000000000E+000
   9.34100215667365        1.00000000000000       0.000000000000000E+000
   9.38289005872151        1.00000000000000       0.000000000000000E+000
   9.42477796076938        1.00000000000000       0.000000000000000E+000
   9.46666586281724        1.00000000000000       0.000000000000000E+000
   9.50855376486511        1.00000000000000       0.000000000000000E+000
   9.55044166691297        1.00000000000000       0.000000000000000E+000
   9.59232956896083        1.00000000000000       0.000000000000000E+000
   9.63421747100870        1.00000000000000       0.000000000000000E+000
   9.67610537305656        1.00000000000000       0.000000000000000E+000
   9.71799327510443        1.00000000000000       0.000000000000000E+000
   9.75988117715229        1.00000000000000       0.000000000000000E+000
   9.80176907920015        1.00000000000000       0.000000000000000E+000
   9.84365698124802        1.00000000000000       0.000000000000000E+000
   9.88554488329588        1.00000000000000       0.000000000000000E+000
   9.92743278534375        1.00000000000000       0.000000000000000E+000
   9.96932068739161        1.00000000000000       0.000000000000000E+000
   10.0112085894395        1.00000000000000       0.000000000000000E+000
   10.0530964914873        1.00000000000000       0.000000000000000E+000
   10.0949843935352        1.00000000000000       0.000000000000000E+000
   10.1368722955831        1.00000000000000       0.000000000000000E+000
   10.1787601976309        1.00000000000000       0.000000000000000E+000
   10.2206480996788        1.00000000000000       0.000000000000000E+000
   10.2625360017267        1.00000000000000       0.000000000000000E+000
   10.3044239037745        1.00000000000000       0.000000000000000E+000
   10.3463118058224        1.00000000000000       0.000000000000000E+000
   10.3881997078702        1.00000000000000       0.000000000000000E+000
   10.4300876099181        1.00000000000000       0.000000000000000E+000
   10.4719755119660        1.00000000000000       0.000000000000000E+000
   10.5138634140138        1.00000000000000       0.000000000000000E+000
   10.5557513160617        1.00000000000000       0.000000000000000E+000
   10.5976392181096        1.00000000000000       0.000000000000000E+000
   10.6395271201574        1.00000000000000       0.000000000000000E+000
   10.6814150222053        1.00000000000000       0.000000000000000E+000
   10.7233029242532        1.00000000000000       0.000000000000000E+000
   10.7651908263010        1.00000000000000       0.000000000000000E+000
   10.8070787283489        1.00000000000000       0.000000000000000E+000
   10.8489666303968        1.00000000000000       0.000000000000000E+000
   10.8908545324446        1.00000000000000       0.000000000000000E+000
   10.9327424344925        1.00000000000000       0.000000000000000E+000
   10.9746303365403        1.00000000000000       0.000000000000000E+000
   11.0165182385882        1.00000000000000       0.000000000000000E+000
   11.0584061406361        1.00000000000000       0.000000000000000E+000
   11.1002940426839        1.00000000000000       0.000000000000000E+000
   11.1421819447318        1.00000000000000       0.000000000000000E+000
   11.1840698467797        1.00000000000000       0.000000000000000E+000
   11.2259577488275        1.00000000000000       0.000000000000000E+000
   11.2678456508754        1.00000000000000       0.000000000000000E+000
   11.3097335529233        1.00000000000000       0.000000000000000E+000
   11.3516214549711        1.00000000000000       0.000000000000000E+000
   11.3935093570190        1.00000000000000       0.000000000000000E+000
   11.4353972590668        1.00000000000000       0.000000000000000E+000
   11.4772851611147        1.00000000000000       0.000000000000000E+000
   11.5191730631626        1.00000000000000       0.000000000000000E+000
   11.5610609652104        1.00000000000000       0.000000000000000E+000
   11.6029488672583        1.00000000000000       0.000000000000000E+000
   11.6448367693062        1.00000000000000       0.000000000000000E+000
   11.6867246713540        1.00000000000000       0.000000000000000E+000
   11.7286125734019        1.00000000000000       0.000000000000000E+000
   11.7705004754498        1.00000000000000       0.000000000000000E+000
   11.8123883774976        1.00000000000000       0.000000000000000E+000
   11.8542762795455        1.00000000000000       0.000000000000000E+000
   11.8961641815933        1.00000000000000       0.000000000000000E+000
   11.9380520836412        1.00000000000000       0.000000000000000E+000
   11.9799399856891        1.00000000000000       0.000000000000000E+000
   12.0218278877369        1.00000000000000       0.000000000000000E+000
   12.0637157897848        1.00000000000000       0.000000000000000E+000
   12.1056036918327        1.00000000000000       0.000000000000000E+000
   12.1474915938805        1.00000000000000       0.000000000000000E+000
   12.1893794959284        1.00000000000000       0.000000000000000E+000
   12.2312673979763        1.00000000000000       0.000000000000000E+000
   12.2731553000241        1.00000000000000       0.000000000000000E+000
   12.3150432020720        1.00000000000000       0.000000000000000E+000
   12.3569311041199        1.00000000000000       0.000000000000000E+000
   12.3988190061677        1.00000000000000       0.000000000000000E+000
   12.4407069082156        1.00000000000000       0.000000000000000E+000
   12.4825948102634        1.00000000000000       0.000000000000000E+000
   12.5244827123113        1.00000000000000       0.000000000000000E+000
   12.5663706143592        1.00000000000000       0.000000000000000E+000
   12.5663706143592        1.00000000000000       0.000000000000000E+000
   12.5663706143592        1.00000000000000       0.000000000000000E+000
